2412496532
2412496533
2412496533
2412496534
2412496535
2412496534
1471137817
1215130632
1215130633
1125932795
3745498613
3745498612
286285812
286285811
286285812
2474385134
2474385133
2474385132
2474385133
2474385134
1900080205
1492641428
1492641427
1492641426
1492641427
2412496535
2412496534
2412496533
1471137817
1471137818
1471137819
1471137817
1799886999
1799886998
1492641426
1955247953
1955247954
1900080205
1900080204
1900080203
1492641427
1492641428
1492641427
1492641426
1492641425
1492641426
1492641425
1492641426
1492641427
1900080205
1900080206
1900080203
1900080202
1900080202
2412496534
2412496533
2127868486
2127868487
2127868486
2127868487
2127868486
2127868485
2127868486
1940910582
1192822834
1192822835
1192822834
1192822835
1192822836
2127868485
2127868484
2127868485
458744498
2127868485
2127868486
2127868485
2127868486
2127868487
2127868488
2127868487
1477793353
1477793354
2127868486
791242845
791242844
791242843
791242842
1202540680
1202540681
1202540680
1202540679
797564923
797564924
2412496535
2412496536
2412496535
2127868485
2127868486
2127868487
2127868486
2474385134
2412496532
2412496531
1492641426
2127868485
2127868484
2127868483
2412496535
2412496534
2412496533
2412496534
1955247953
1799886998
1799886999
1492641426
1955247953
1192822834
2127868487
2127868486
1471137818
1471137819
2127868487
655551202
2412496532
2412496533
2412496534
2127868486
2127868485
2127868486
2127868487
2412496533
2412496534
3228511141
3228511140
3228511139
3228511138
3228511137
2585537571
2585537572
2585537571
2585537570
548371096
548371095
2200598511
2200598510
2200598511
2200598512
2200598513
2200598512
1900080204
1900080203
1900080202
1900080203
3947746508
2474385134
2474385135
2127868486
2127868485
2127868484
2127868483
2127868482
2127868481
2127868482
2127868483
3328209309
3328209310
3328209311
3328209310
3328209311
3328209310
3328209309
3328209310
3328209309
3858600123
3858600124
2127868487
2127868486
2127868487
1492641427
1492641428
1492641429
2127868486
2127868487
1900080205
1900080204
2127868486
2127868487
2127868486
3321780237
3321780238
3321780239
3321780238
2071382952
4266023347
1796382311
1796382312
1796382311
1796382312
1900080205
1900080204
1900080205
1900080206
1900080207
1900080208
1900080209
1900080208
1900080207
1900080208
1900080207
1900080208
1900080209
1492641426
2412496533
2412496534
2412496535
2412496534
1192822834
2996495533
2996495532
663698484
663698483
663698482
663698483
663698484
663698485
663698486
663698487
3037819050
2618658921
2618658920
2618658919
3347960770
3347960771
3347960770
3347960769
3347960768
3347960769
3347960768
3347960767
3347960769
3347960768
3347960767
3347960766
2127868486
2127868487
2127868486
2127868485
2127868484
2127868485
2127868486
663698484
2605041862
1900080203
1900080204
1900080203
1900080202
1900080203
415631143
415631144
3585449033
1900080206
2412496535
2412496534
2127868486
2127868487
2127868486
1492641426
1492641429
1492641430
1492641431
1492641430
663698484
663698485
663698486
663698487
2412496531
2412496530
2412496531
2412496530
2412496529
2412496528
2412496529
2412496530
2412496529
2412496528
2412496527
2412496526
415631143
415631144
2412496529
2412496528
2127868486
2127868487
2127868486
2127868485
2127868484
2412496533
2127868487
2127868485
2127868486
1900080202
146213151
2412496534
2412496533
2412496534
2412496533
2412496534
2412496535
2412496536
2412496535
2127868483
3481157700
3481157699
3481157698
3481157699
3481157700
3481157701
3481157702
3481157703
2200598512
1593847907
1082931707
1082931708
1082931709
1082931710
1082931709
1082931708
1082931707
3173790748
3173790747
3173790748
3173790747
3173790746
3173790745
1900080206
1900080205
2412496535
2412496536
3347960766
3347960765
3347960767
3347960768
3347960767
3347960768
3347960767
3347960768
1900080206
787458913
787458912
787458911
787458912
787458911
2127868487
1351521890
1351521889
1351521888
3619429036
3619429035
3619429036
3619429035
2412496531
2412496530
467074544
467074545
2618658919
2618658920
2618658921
2618658920
890361761
890361760
890361759
2412496534
1057528448
1192822834
1492641426
1492641427
3347960768
3328209310
3328209311
3328209310
3328209309
3328209310
2413541892
2413541891
1658231255
1658231256
1658231255
1658231254
1658231253
146213151
146213150
146213149
1900080205
1711342782
1711342783
3470813617
3470813618
2775959084
1959899389
1202540680
3060062149
3060062148
45501908
45501909
3676580237
1492641430
1492641429
4266023347
4266023348
4266023347
4266023346
4266023345
4266023346
4266023345
2412496534
787458911
787458910
1139918006
1139918007
1139918008
69175917
69175916
1082931707
1082931708
1796382312
2127868487
2866258379
2866258380
2866258381
2866258380
3411191841
2127868487
2127868486
2127868485
2127868484
2127868485
2127868486
3279077669
3279077670
2412496533
2412496532
1900080206
1900080205
1900080204
1900080205
1900080204
1900080203
1900080202
3585449033
2412496534
1192822834
1192822835
1192822834
1357871224
1357871225
1357871226
1357871225
1357871226
1900080209
2143183016
2412496529
2412496528
562568965
562568964
562568965
562568966
562568965
562568966
562568967
562568966
458744498
3328209310
3328209309
3328209308
3328209307
3328209308
3328209309
2127868485
2127868484
2127868485
1909091207
1909091206
2775959084
2127868486
2127868487
2127868486
2866258380
2996495532
2996495531
2127868486
2127868487
2127868488
2353806980
1492641430
1492641429
2412496533
2412496532
2412496533
2412496532
2412496533
3619429036
1381764005
1381764004
1381764003
1381764004
3772896864
3772896863
3772896862
3772896861
2127868486
2127868487
2127868486
2127868487
2127868486
2127868485
2127868486
2127868485
2127868486
2127868487
1900080203
286285812
286285811
1230117360
1230117359
1230117360
1230117359
1398031800
1398031799
1477793354
690986736
690986735
3431062367
3431062366
3431062365
1900080205
1900080204
1057528448
1057528449
1057528448
1415474814
1415474813
1415474814
1415474815
1415474814
1415474815
1415474816
1415474817
2382562181
2382562180
3481157698
655551202
655551201
2618658920
2618658921
2618658920
2618658921
2618658922
2618658921
2618658920
2618658919
3768027953
3768027952
1471137819
1471137820
1471137819
1471137818
1471137819
2618658919
2618658918
2585537571
3013547731
1023126870
3661493728
2870370912
2870370911
1492641427
174910381
174910382
174910383
2631087599
2631087600
1192822834
2922750898
2922750899
2922750900
2279883760
129712793
3835690346
3835690345
1900080203
1900080202
1982384640
1982384641
1982384640
1982384641
1982384642
1982384641
1982384642
3668291555
2940074574
2940074573
2940074572
3953927455
3953927456
2584368257
1951649270
1057528448
1492641429
1492641430
1492641429
1872945820
3610300883
3610300882
3610300881
3610300880
2200598512
2200598513
1033780805
1033780806
1033780807
1033780806
4027850969
4027850968
3481157701
175401966
175401967
175401968
175401967
2031336639
2031336638
2031336639
2031336638
2031336639
2031336640
2474385134
2474385135
2474385134
2474385135
2474385134
1689405007
1689405008
2338578988
2338578987
2338578988
2338578989
2412496534
2412496535
2412496534
2412496535
1209390962
2127868484
3228511140
3228511139
3228511140
1492641426
1492641425
2208224652
2208224653
2208224652
787458911
2127868486
2127868485
2127868486
1342882397
1378557894
2127868486
2127868485
2127868484
2127868485
2071382952
2071382953
2071382954
4027973018
4027973019
4027973018
3470813618
3470813617
3470813616
3470813615
2618658921
3794438600
3794438599
3794438598
1265321086
1265321085
1265321084
1265321085
1202540681
2618658920
2618658919
2618658918
2618658917
2618658918
2618658917
1477793354
1819763379
1819763378
1819763379
1819763378
1819763377
1819763378
2412496530
2412496529
2412496530
2412496529
2108576771
2127868486
174910383
174910384
174910383
174910384
174910385
174910384
174910383
1057528448
1057528449
1057528448
1057528447
1057528448
4194170252
4194170253
4194170252
4194170253
1756612155
1756612156
957988555
1900080203
3724629742
2562606925
2562606926
3328209309
1134114418
3328209309
3328209310
3328209311
2951996470
2951996469
2951996470
2618658918
1415474815
1415474816
1415474817
1415474818
1415474817
1415474818
1415474817
1415474816
2412496534
4027850969
4027850968
211447774
211447773
211447772
3369905521
3369905522
3369905523
3369905524
3762941728
4096808097
59523972
59523971
2358722334
2358722333
2358722332
1796382312
1796382313
1796382314
1796382315
1065476344
2412496528
2412496529
2412496528
2412496527
1507104620
1507104619
1507104620
1507104619
322143445
322143446
322143447
322143446
2412496530
2412496531
1767230183
562568965
562568964
562568965
2127868486
1502561619
1502561620
1502561621
2412496528
4194170253
4194170252
4194170251
4194170250
4194170249
4194170248
4194170247
1192822836
2037225083
2037225084
2037225083
2037225082
2127868487
1192822834
2072297019
2051144990
1150828901
1150828902
1150828901
1150828900
174910383
174910384
174910383
1471137819
1471137818
4271429916
4271429915
687309476
1492641427
2127868487
2127868486
2127868485
2127868484
1507104620
1507104621
1896058542
886400663
886400664
886400663
1900080208
1900080209
1900080210
1900080211
2618658921
2618658921
2127868486
2127868485
4209168827
663698487
2684682407
4005071793
4005071792
4005071793
4005071792
4005071791
4005071792
4005071793
4005071794
4055085803
4055085804
4055085803
3794438599
3794438600
3794438599
1150828900
1150828901
1150828902
1150828901
1150828900
1150828901
1150828900
1150828899
146213151
146213150
1956709197
1956709198
1956709199
1956709200
1406195947
2127868486
2127868485
2127868486
355319594
355319595
355319596
1139918008
1139918008
2450471400
4041362872
4041362873
4041362874
4041362873
3228511141
3228511142
174910384
1689405008
1689405009
1689405010
1689405011
1689405010
2127868488
2127868484
2127868483
2127868482
2127868483
2127868484
2127868485
1534606507
1534606508
2127868481
2127868480
2127868479
2127868480
3619429035
1951649270
1951649269
3179915602
2412496528
2412496529
2412496528
3995620552
3995620553
3995620552
3995620551
3995620550
1082931708
1082931707
1082931708
1082931707
1082931706
3418914127
4096808097
3152250214
813454856
813454855
813454854
813454853
813454852
813454851
1471137819
3338450891
3338450890
3347960768
3347960767
3347960768
3347960769
4194170253
4194170252
4194170251
4194170252
175401968
175401967
175401968
175401969
175401968
3772896864
3772896865
3772896866
2127868487
2127868488
2127868487
2127868486
2127868487
2127868488
2127868489
9480397
9480398
1900080205
1900080206
1900080205
1900080206
1900080205
1900080204
1900080203
1900080204
1900080203
2970497419
3343677660
215946148
215946147
3567218828
1192822834
1192822835
3095336815
1927798584
1927798583
1927798584
3953927456
3953927457
146213149
3328209310
2127868487
3129749837
3129749836
3129749835
3129749836
2372002965
2372002966
2372002967
2372002966
2372002967
141664790
141664791
2353806980
1579769943
1900080204
3630675140
3630675141
3630675140
3154622941
4005071794
4005071793
2127868486
2127868487
2127868488
2127868489
2127868490
2127868491
3196872205
3196872204
3196872205
3196872206
3196872207
3196872206
1195740280
3470813618
1966294056
1966294057
1966294056
1966294055
1966294054
1966294055
1966294056
1966294055
3328209310
3328209311
3328209312
3196872205
1300550437
3196872205
3196872206
3196872205
3196872206
3196872205
3196872204
4124196384
4124196385
2645604634
3676580237
3676580236
2127868487
3906341162
3906341163
2474385132
2474385131
1866257879
1866257880
1192822835
175401967
940330097
940330098
2631087599
2631087598
2631087599
2631087600
2631087599
2127868484
2127868485
4055085803
1415474816
1415474817
40856268
40856269
40856270
40856271
1192822835
1192822836
1192822837
663698487
2071382952
4030439411
4030439410
1029019100
1029019101
1029019100
1029019101
3919980857
2618658917
2618658918
2618658919
2618658920
3084336385
2127868486
2127868487
2127868488
2441282589
2441282590
2412496528
2412496529
2412496530
1900080205
1900080204
1900080205
1900080204
1900080203
1900080202
1900080203
3466714691
3466714692
3328209309
3328209310
3328209311
3328209312
2927565514
2927565515
1900080204
1900080205
909094328
3369905521
4206381323
3701227080
3701227081
3701227080
3701227081
3701227082
2450471400
2474385134
2127868484
2127868483
2127868482
2127868481
2127868482
2127868483
3716502717
3716502716
3716502717
3716502716
3716502715
4194170252
4194170251
4194170252
4194170251
3803281226
3803281225
3803281226
3803281225
3803281224
3803281225
1166911307
1166911308
1166911309
2127868485
2127868481
2127868482
2127868483
2251451176
322143446
878399695
878399694
878399695
2562606925
1029019100
1029019099
1689405007
1689405008
1689405007
641525588
641525587
641525588
641525589
641525590
641525589
641525590
641525591
3154622941
3888617901
3888617900
3610300882
3610300881
2610710464
2610710463
2610710462
2610710461
2127868482
2127868481
146213150
146213149
146213150
146213151
3243242947
2667827414
2667827413
2667827412
3307028518
3307028519
3307028520
3307028519
458744498
2127868485
2127868484
2127868485
2455438406
1064947507
1276398967
1276398966
1276398967
1276398968
1276398969
1276398970
175401967
3567218828
687260806
687260805
3610300883
3610300884
3610300883
3610300884
3610300885
1900080205
3462379641
2052772378
1900080206
4219923166
1689405008
1689405007
3946277975
3946277976
3946277977
4194170251
4194170252
4194170253
4194170252
1900080202
1900080203
1900080204
1900080203
1900080202
1900080203
1900080202
1900080203
1900080204
1900080205
1900080206
1900080207
1900080206
1900080205
1900080204
1900080205
3308907262
3308907263
3308907264
3308907265
3308907266
554390888
554390889
554390890
554390889
3678227929
1082931708
1082931707
1082931708
1082931709
2172555558
2172555559
2172555558
1819763378
1819763377
3095336815
3095336814
3095336813
3095336814
3095336815
2127868487
104441219
104441218
104441217
104441218
104441217
104441216
104441215
104441216
104441215
3833852188
364610708
2631087600
2631087601
2631087602
2631087601
2631087602
2631087601
2631087602
2631087603
2631087602
2631087603
2513935293
2513935292
2513935293
2513935292
2513935293
2513935292
2513935291
3328209310
3328209309
1232152616
1232152615
1232152614
398572489
398572488
398572487
398572488
398572489
398572490
932877000
932877001
932877002
932877003
932877002
1900080204
1900080205
2474385133
2474385134
2474385133
2272659485
2272659484
2127868485
2127868484
2127868483
2272659485
2272659486
2272659487
3953927456
3953927455
1507104621
1507104622
1507104623
1507104624
805106444
1492641426
1492641425
1492641426
1492641427
1900080205
1900080206
1900080205
1900080204
3173790747
3173790746
1501298908
3657862696
3328209309
3328209308
3328209309
3328209310
2474385133
2474385132
1121103208
3586670671
4194170252
4194170251
4194170252
1492641426
1492641427
1492641426
1492641425
3921677540
3921677541
2631087602
2631087603
146213149
146213150
1900080206
1900080207
1900080206
2474385134
2474385133
2474385132
1168763754
1168763753
2200598511
2200598510
2200598511
3310309580
3310309579
3310309578
188345375
3442940075
3442940074
3442940075
3442940076
3772896864
3772896865
3772896866
3772896865
3772896864
3772896865
3772896866
3772896867
3772896866
3772896865
3772896864
398572489
1900080208
1900080209
3343677660
3343677659
3343677660
3343677661
3343677660
3343677661
3343677662
1900080203
2382562181
2382562180
2382562179
2382562178
2382562177
1243483244
1243483243
1243483244
1243483245
1243483246
1927798584
1927798585
1927798586
649762737
2051144990
2051144991
2051144992
3113033458
1633915302
1633915303
1633915304
1633915303
1633915304
1633915303
1150828899
4194170248
156236292
2136491982
2136491983
2136491982
2136491983
2136491982
2136491983
1029019101
1029019100
1507104620
1507104619
3196872204
2755940143
1276398966
1276398965
2513935292
2513935293
2513935292
2513935293
2513935294
2513935293
580176208
3105380877
4231223502
4231223503
4231223502
4231223501
90309902
90309903
90309902
90309903
1510759187
1510759188
1510759187
849197342
849197341
849197340
849197341
3347960769
141664790
141664791
141664790
1900080207
1900080206
1900080207
322143446
322143447
322143446
1501594786
2127868486
2127868487
1092272758
1092272759
1092272760
3388767660
3388767659
1770851590
286285812
286285811
286285812
286285811
286285812
286285811
1141308922
1141308921
1896058542
3883945737
3883945736
2373498891
1900080206
1900080205
1900080204
1900080203
1900080204
3347960768
3347960769
3347960768
3347960767
3347960766
3328209308
3328209307
3328209308
3328209307
3328209306
1092272758
2474385134
2474385133
2474385132
2474385131
2474385132
3369905523
3369905522
3369905521
1492641427
1492641426
1492641427
1900080208
2078335350
2078335349
3129749837
2127868484
3772896862
175401968
175401967
2482009826
2482009825
3772896864
787458911
787458910
787458909
787458908
890361761
890361760
2362027936
2362027935
1160609791
1160609792
1160609791
1160609792
1160609793
2127868490
2127868489
2127868488
2656928845
2656928846
2656928847
2656928846
2656928845
611427444
320094093
320094094
923120202
923120201
3331070536
3331070535
2127868483
2127868484
2127868483
2127868484
2172555558
2927999225
2927999224
2927999225
2927999224
3347960768
3347960769
2512804274
2512804275
2512804276
2512804277
2512804276
2512804277
2512804278
2512804277
2512804276
2512804277
2512804276
1900080202
1900080201
2037225083
886400663
2285442274
2285442275
3347960767
934977762
934977761
1900080208
1900080207
1900080208
1900080207
1900080206
1900080205
1900080204
1900080205
1900080206
2372002967
2372002968
2372002967
2372002966
203259140
203259141
203259142
203259141
203259142
791242842
791242841
1900080207
1741370080
1741370079
1900080205
1900080206
4266023346
4266023345
1245847171
1245847172
1245847171
1245847170
1245847171
3625999161
1118956872
1118956873
1118956872
1118956873
1118956874
1118956873
1118956872
633103771
633103772
2618658920
4201184591
4032418384
2513935293
1335869931
1335869932
2618658921
2618658920
1638956935
1638956934
1638956933
1790600317
1790600316
3936625476
3936625475
2877635492
2877635491
2713948286
1900080205
1900080204
1900080205
1900080206
3196872204
3196872205
3196872204
3196872203
2512804277
3716502716
1900080209
1900080208
1900080207
1900080208
1900080209
1900080210
2513935292
2513935291
2513935292
2513935293
2367046062
542372983
551357528
551357529
551357530
551357531
551357532
551357531
3399331181
3399331182
3399331181
3716502717
3772896865
3772896866
3772896865
3772896864
3772896865
1192822834
126123187
126123188
126123189
126123190
126123189
2247084923
1092272760
1592423199
1592423200
2292409444
1689405007
1689405008
1689405009
3422471642
3422471643
2919146309
2919146308
2919146307
2919146308
1955247954
1955247955
1955247954
1955247955
1955247956
1955247955
322143445
322143446
1585579855
2127868486
573088652
2127749075
2127749074
217036233
217036234
217036235
1520106087
1640034373
1640034374
1640034375
1982384642
1260655523
1260655522
1260655521
1260655522
1260655523
1260655524
1260655525
3756725335
3756725334
923120201
923120202
923120201
1202465200
1202465201
1202465200
1802781611
3716502716
2122005797
2122005798
2122005799
2122005798
3495677420
3495677421
3495677422
1678689098
1666461018
1666461017
2127868485
2127868486
2127868485
2127868484
2125950047
1900080206
1900080207
1900080206
2200598513
1099304668
3328209310
3328209309
3328209310
3328209311
3328209312
1905435940
932877001
2631087603
2631087602
2631087601
3741712995
3741712994
3741712993
2066643193
4117490215
4117490216
4117490215
4117490216
4117490217
4117490216
4117490215
3611834429
3611834428
3915517972
3915517973
3915517972
3915517971
3915517970
3915517969
3129749836
3129749837
3129749838
3129749839
3129749838
3129749837
3129749838
4041362872
4041362873
4041362874
4041362873
1029019100
3960195073
3960195074
3960195073
2071382952
2071382951
2071382950
3772896866
3772896867
3772896868
3772896867
3772896866
3772896865
3772896866
3772896867
3772896866
3772896865
3772896864
3772896865
3772896866
3772896865
3772896866
3772896865
3772896864
1015658496
3195882577
3195882576
3195882577
3195882578
3195882579
3195882578
3195882577
3921677540
1688450384
1688450383
1688450384
1688450385
690487798
690487797
690487798
690487799
690487798
690487797
690487798
855081441
855081440
1796382311
1796382310
1796382309
2678038751
2678038750
2678038751
2678038752
2071382953
2071382952
321192987
321192988
321192989
321192990
3772896864
3772896865
3772896866
1202465200
1202465199
1202465198
1202465197
1202465196
501013626
1792736879
2033460595
2033460594
2033460593
1900080205
1900080206
1900080205
1900080206
1900080205
1900080206
2272659486
2272659487
1764405190
3347960771
986769505
3343677660
3343677659
3343677660
4194170253
4194170252
1284448362
1284448363
1284448362
2618658918
2618658917
2618658918
890361760
890361761
890361762
890361763
890361764
890361763
890361764
890361765
890361766
890361767
890361768
890361769
890361770
890361771
890361772
890361773
1905435940
2127868479
1492641426
3343677659
3343677660
3343677659
3343677658
3343677659
3343677660
2127868486
2127868487
2127868488
2127868489
2127868488
2127868489
2127868490
2071382954
2071382953
2071382952
1447738732
1447738733
1447738732
2071382950
3183071609
2413541891
2413541890
2413541889
2413541890
2413541891
2413541892
2413541891
3347960769
3347960770
750583502
750583501
750583502
750583503
750583504
750583503
750583502
2122005799
2122005800
2122005799
2122005798
629664685
2809538657
2809538658
3347960765
3347960766
3347960765
2195576879
2122005799
2122005798
2122005799
2122005800
2345147786
2345147787
2345147788
2345147787
2345147788
767134117
767134118
767134117
767134116
1913178678
1913178677
1955247953
1379164124
1379164125
1379164124
1379164123
3619429035
3058558820
3058558819
3058558820
2886578342
2886578343
2886578342
2886578343
2827523658
2827523657
2827523656
3368955426
321192989
2127868486
1889176482
1889176483
1889176482
1889176483
1889176482
1889176483
1889176484
1889176483
1889176482
1889176483
1889176482
2033460593
2033460592
2033460593
40856271
174910385
1978162043
1978162044
1978162045
1978162046
1978162045
1900080205
1900080204
2921940807
3135024028
3135024029
3135024030
3135024029
940330097
940330096
940330097
1889176482
1433350487
1433350488
1433350487
1433350488
3481157700
2037225084
2037225085
2037225086
2037225087
1900080206
1900080207
1900080206
2940074574
2940074575
2940074574
1900080206
829400229
2546962996
1982384641
1982384640
1982384639
337842281
337842282
337842283
337842282
3273007881
1471137819
1471137818
2412496533
2412496532
1951649270
1951649269
1951649268
1082931708
1082931707
1082931706
1082931707
1082931706
1139918008
1139918009
1139918010
1139918009
2254964275
890361762
2513935292
1028600876
1028600877
1028600876
2675373786
2675373785
483312631
3328209310
3328209311
3328209310
3328209309
3328209310
3328209311
265472938
2127868487
2127868488
2127868487
3338450890
3338450889
3338450888
3338450889
1209390962
3587144687
3587144686
3936625475
3936625474
3936625475
3936625474
3936625475
3936625474
3936625473
3936625474
3936625473
3936625472
3936625471
3936625472
3936625473
3936625474
890361760
2110986325
2110986324
2110986325
2110986324
2110986325
3623799027
3623799026
3623799025
551357531
551357530
551357531
3481157699
3481157698
3481157697
3481157696
3481157695
3481157694
90309903
1473233884
1473233885
1473233886
1473233887
1473233886
1473233887
641525590
641525589
641525590
641525591
104441217
596075591
596075592
596075593
2963024762
2963024763
2963024762
2963024761
2963024762
2963024763
2044264172
2869501336
3891120267
3891120268
3891120269
3891120270
1502561621
1502561622
1502561623
1502561622
687540458
687540459
687540458
687540459
687540460
3470813616
3470813617
3470813616
2412496530
1202540680
1202540679
1202540680
1202540681
1202540680
1202540681
3481157700
1381764004
2127868479
2127868480
2127868479
2412496535
1951649269
2127868487
2338578988
2338578987
2338578988
3376746014
467074544
467074543
467074544
2921940807
2921940806
2921940805
1982384640
1982384639
1741370080
1741370081
1741370080
1741370079
1741370080
1741370081
2127868485
2127868486
2127868485
2127868486
2127868485
2127868484
1521452175
203259142
1753971811
1018646028
1018646027
2071382951
2071382952
1357871225
2574810596
2127868482
2127868481
2127868482
2127868481
1951649269
1951649270
1951649271
1951649270
3481157695
174910383
3619429035
3619429034
3619429035
3347960766
1853115091
2127868487
3734835640
3734835641
3734835640
1500129774
2693101381
2693101382
2693101381
2693101380
2693101379
2693101378
2693101377
2693101378
1736251867
1736251868
1736251867
1736251866
1736251867
1736251866
2631087603
2631087604
2631087605
2631087604
2631087603
2858412923
2858412924
3419566576
3419566577
3419566576
3419566575
3912270367
3912270368
3736070896
3736070895
3736070894
3736070895
3736070896
3736070895
3736070896
13168000
13167999
13168000
13168001
1612206133
1612206132
1612206131
3749242559
3749242560
3749242559
1415474813
3315826200
3315826199
3315826198
3315826199
3315826200
3315826199
1139918008
1139918007
1139918008
1139918007
1139918008
2870455769
2870455768
4194861077
4194861076
4194861077
4194861076
4194861077
4194861078
4194861077
4138192574
2037225083
2037225082
2037225081
3388064836
3388064835
3388064836
3388064837
1628189382
1628189383
1068761876
2412496534
2412496535
2479236084
2479236085
3003001306
3003001305
2338578988
2338578989
2338578990
2338578989
1909981557
1909981556
1909981557
1909981556
3442940075
3442940076
1900080204
1900080205
1900080204
1900080205
1900080206
1900080205
1900080204
1353863882
1353863883
1353863882
1353863883
1353863884
2122005799
2827523657
2827523658
2827523659
2827523658
2827523659
2827523658
2827523659
2827523658
4275068741
4275068740
4275068739
4275068738
4275068739
4275068738
4275068739
2761107083
3328209311
3328209312
3328209311
3328209310
3328209309
3328209310
3328209311
3328209310
3328209309
3328209308
592715076
592715075
592715074
592715075
90309903
663698485
1473233887
3515137881
3515137880
3515137881
3515137882
1679977766
1658231256
146213149
3772896864
3113033458
2110986325
2110986324
2110986325
2110986326
2110986327
2110986328
2110986329
2110986330
2110986331
1552303167
1764405190
1764405191
1764405192
1764405193
4027975860
2208224652
2208224653
2208224654
2208224653
2127868487
2474385134
2474385133
2474385134
1796382311
1796382310
3003001306
3003001307
4194861077
4194861078
4194861077
4194861076
1233633173
1233633172
1233633171
2814520369
2814520370
2814520371
2814520372
2814520373
2814520372
1469988906
1469988907
4117490215
3691668538
3691668539
3691668540
3171541694
3171541693
3171541692
2539433393
2539433392
2539433393
2539433392
1900080205
1900080206
1900080207
1900080208
2811687065
2811687064
2811687065
2618658922
2618658923
2618658922
2618658921
2618658920
2618658921
2412496529
2412496528
3403317681
1192822835
1473233887
1473233886
1473233887
1473233886
1473233885
1473233886
1473233885
2184380539
2630691184
2630691183
1215130633
1215130632
1215130633
1932331348
1932331349
2314377026
1581336994
1581336995
1581336996
1581336995
1581336994
1581336995
3673709413
3673709414
2631087601
2631087602
2631087603
1433350487
1433350486
1651324782
1651324783
1651324782
1651324783
1651324784
1689405008
1689405007
1689405008
1689405007
1872945820
1492641426
1492641427
4074953958
2051744508
2051744507
2051744508
79077828
2412496535
2412496536
2412496535
923120202
1139918007
1139918008
1139918009
1139918008
1139918007
1139918006
1900080205
1900080206
1900080207
465661990
465661991
465661992
923120202
2631087598
2631087597
2631087598
2631087597
2631087596
2631087595
2631087596
2631087595
2631087594
2631087595
2631087594
2631087595
141664791
3815601263
3815601262
3815601263
354699956
354699955
1415474815
2667827413
3613925938
3613925939
3613925940
3613925939
3613925938
1900080203
1900080204
1900080203
2618658921
2618658920
1433350487
1796382312
1850464983
1850464984
1850464983
1850464984
2172555558
2172555557
1900080205
1900080206
1900080205
1900080204
1900080203
1900080202
1900080203
3525834556
3525834555
3525834554
3525834555
3525834554
3525834553
3781956597
3781956598
3781956599
3781956598
1909091206
1909091205
1909091204
3781956598
4005071792
2952998288
2952998289
2952998290
2952998291
2952998290
2952998289
1741370079
1741370080
3129749836
2272659487
2272659488
1379164124
1379164125
2127868487
60501048
60501047
60501046
60501045
60501044
60501043
3495677422
3495677421
3495677420
3495677421
3495677422
3495677423
3495677424
2940491669
2940491670
2940491671
398572488
398572487
597533686
597533687
597533688
2799782858
3698076233
3698076232
2308480388
2308480389
2308480388
2308480387
2308480388
2308480387
2308480386
2308480385
2308480384
3995620551
566069095
566069094
4138265210
4138265209
4138265208
2127868484
663698484
663698485
663698486
663698485
566069094
322143447
1580447751
1580447752
1580447751
3315826200
3315826201
3315826200
2412496534
1756612156
1756612155
1835854619
1756612155
1756612156
2276920662
2276920661
1652441834
1652441833
1652441832
1652441831
3557126609
2482009825
2482009826
2482009825
2482009824
2482009823
3619429035
3619429036
3619429037
3619429036
3619429035
3619429034
3619429035
3619429036
3619429035
3619429036
3619429035
2308480385
2127868487
1262232976
1262232975
1262232976
1638956934
4213180879
4213180878
1351521888
1351521889
1351521890
1900080202
1900080203
1900080204
592715075
592715076
592715075
592715076
1118956873
1689405011
2037225084
2037225085
2037225084
2037225085
2037225084
1473233885
291110729
291110730
291110731
291110730
291110729
291110730
1900080208
1900080209
1492641425
1492641426
1492641427
1492641426
1492641425
1492641426
2051744507
2051744508
1900080202
2456888320
2456888321
2456888320
3955450631
3955450632
3955450633
3442940075
3442940074
3442940073
2038069747
2038069746
2038069745
503637658
1512898805
434913127
434913126
864224488
864224489
3048408822
3048408821
3048408822
3048408823
3048408824
1492641427
3694062598
890361760
1900080206
1900080205
2638216284
2514112251
1403839970
3741712995
750583502
1094793720
1094793721
1094793722
1094793721
1094793720
1094793721
1094793720
750583501
750583502
750583501
2631087603
2631087604
514142428
514142429
514142428
514142429
514142428
514142427
814478566
814478567
814478566
1094793720
1094793721
1094793720
1094793721
2127868482
2127868483
2127868482
2127868481
2127868480
3196872203
1970030327
1970030326
1510759187
1433350488
1433350489
1433350488
1433350487
2425503962
2425503961
2425503960
2425503959
2425503958
2775542665
2775542666
2690028920
2690028919
986952975
986952976
2990005941
2990005940
2990005941
2990005942
2990005941
2990005940
2990005941
1982384641
1982384642
705286369
705286370
705286369
705286370
705286371
705286372
705286371
705286372
705286371
705286370
1232152614
2069087053
2069087054
3950883206
3950883207
2618658919
2618658920
2618658919
1507104619
3815601262
1192822836
1192822835
1192822836
1900080202
1900080201
175401967
175401966
175401967
982340403
982340404
3135024030
3328209310
3328209309
3328209308
3328209309
3328209310
895174680
895174679
3310309579
2127868483
2127868484
1492641428
1492641429
1492641428
1492641429
2547412422
2547412423
3152250214
3152250215
3152250214
3570451533
2308480387
2308480388
2308480389
2308480388
2308480389
1206330995
1206330994
4292495862
4292495863
4292495864
4292495865
4292495864
4292495865
4282624204
146213149
3873568915
3481157702
1900080205
1900080206
1448456419
1448456420
1448456421
1448456422
3259797518
3843329467
3843329466
3843329467
3843329466
1900080204
1900080203
1900080202
1448456421
1448456422
1448456421
1448456420
1448456419
85492121
85492122
85492123
1192822836
1192822835
1192822836
1900080205
1001536664
1001536663
1001536662
1001536663
1001536664
1001536665
1001536666
1001536667
1001536668
567416278
1931359294
1931359293
890361771
890361770
890361769
890361768
890361769
890361770
4194861076
2127868487
2127868486
1435102272
1435102273
2127868484
3328209309
3328209310
126123189
126123190
2127868488
2127868489
2992919905
291110729
381265817
3557195092
4027850968
4027850969
4027850970
3345442261
3345442260
1940910582
1052432803
1955247956
1955247955
1955247954
2506393292
1492641429
1492641430
1492641431
1492641430
1492641429
1492641430
1492641431
1118956872
1118956871
1968683768
1968683769
1968683768
1968683769
1968683770
1166911307
1166911306
1166911305
1166911306
4292726683
2846175930
2846175929
156236292
156236291
156236290
156236291
1557449656
1557449657
1557449656
1557449657
1557449656
2618658920
2618658919
2935017716
1094793720
1094793719
1094793718
1094793719
1094793718
2497253187
2497253188
2497253187
2497253188
2497253189
2497253188
3281096089
3281096088
3328209312
2540428053
