272
354
166
448
3
288
426
249
470
478
79
322
151
256
341
385
121
33
278
157
161
283
112
13
80
455
473
8
318
380
230
160
30
164
6
199
411
444
134
317
450
276
414
3
271
136
435
355
1
342
124
218
161
105
457
426
230
349
480
433
374
161
342
326
78
294
240
30
314
375
323
404
416
67
258
1
146
238
157
44
199
337
272
303
339
368
279
222
152
379
488
366
282
478
191
83
196
216
66
408
308
279
170
192
71
386
45
237
71
262
409
360
300
58
410
59
53
373
392
213
122
98
30
434
166
162
239
410
412
453
182
390
217
151
132
241
93
62
157
219
345
264
95
431
223
354
161
165
483
468
376
290
60
84
24
167
243
371
268
248
207
417
204
172
34
373
62
96
469
222
80
103
201
190
218
65
10
358
270
284
344
411
232
374
213
485
326
447
8
452
201
428
96
386
468
435
439
169
485
176
92
33
103
400
11
330
219
328
107
330
394
146
309
260
447
143
396
388
44
406
25
264
178
39
300
98
91
73
200
143
221
140
433
119
214
163
133
174
78
277
297
411
303
377
240
106
482
163
28
481
196
148
264
169
180
106
146
342
197
424
203
218
310
225
88
277
358
176
40
2
272
46
344
104
360
422
407
480
75
266
432
165
470
476
363
330
246
89
268
116
421
190
24
353
191
358
246
319
21
372
34
162
198
489
55
431
298
263
431
19
379
317
13
151
361
374
147
69
87
66
56
485
160
173
79
234
120
470
184
16
211
57
155
239
403
158
373
404
231
344
312
229
316
168
359
337
401
259
2
78
143
220
92
378
462
159
112
320
338
448
315
94
487
222
288
199
380
63
208
481
170
23
5
296
351
308
268
124
459
275
218
154
165
257
481
132
146
182
291
432
88
76
395
151
70
46
411
380
192
171
460
135
420
224
156
144
375
31
223
145
364
149
7
226
99
203
160
257
486
346
57
433
33
260
164
133
257
396
3
392
140
486
174
143
84
334
49
445
311
287
477
309
342
25
414
471
10
11
410
7
246
262
98
367
398
18
251
462
365
441
268
125
440
205
44
461
90
162
398
457
319
464
282
175
346
331
427
219
278
159
78
37
207
64
164
444
278
243
451
325
288
151
441
239
384
327
302
115
53
373
86
66
142
8
400
294
6
417
234
53
65
97
430
71
210
342
31
311
186
285
17
126
155
138
299
5
133
287
271
371
483
320
243
113
127
299
323
262
222
282
267
130
101
224
199
230
386
430
256
356
437
179
87
247
288
179
458
22
44
426
318
77
42
275
300
55
53
22
214
357
478
404
255
202
490
486
322
445
404
248
72
58
295
364
66
363
218
182
426
471
169
24
459
38
367
332
173
74
361
249
276
341
349
4
158
269
120
39
108
49
73
464
322
4
1
489
445
410
29
103
75
23
69
145
72
201
287
145
64
333
316
130
398
294
239
98
84
321
13
111
132
75
490
81
26
237
60
427
261
100
430
97
8
93
44
324
26
285
258
209
358
116
434
319
461
112
96
400
282
199
167
79
152
24
136
16
141
448
486
334
62
91
126
455
35
358
25
145
33
36
11
148
408
104
79
279
445
194
59
247
93
168
206
266
2
219
186
186
372
3
118
390
272
432
447
115
330
454
141
85
3
474
71
63
134
356
459
434
470
60
401
69
482
255
82
298
192
299
200
405
315
319
4
238
347
190
88
13
294
464
192
426
2
83
421
231
464
68
450
316
109
366
300
439
305
143
398
82
99
269
44
239
86
7
423
423
275
190
122
229
331
366
425
116
153
399
19
38
153
484
45
481
163
232
54
426
269
277
296
220
203
413
244
135
128
242
126
300
17
468
467
62
390
179
292
410
138
253
415
489
305
362
267
379
9
370
197
273
443
146
124
338
183
111
181
287
9
255
80
185
59
229
201
440
412
185
126
394
377
368
404
200
247
171
244
343
480
434
182
338
94
356
305
117
439
92
271
291
212
136
262
132
315
365
283
50
71
403
39
206
129
65
195
409
321
356
310
115
129
73
305
104
42
365
14
123
229
163
385
94
347
100
59
277
185
243
8
70
241
117
361
485
175
4
3
121
283
450
458
420
412
489
423
357
14
60
455
484
484
245
159
233
441
202
44
71
230
459
286
127
296
292
58
29
221
135
330
157
144
204
198
353
106
329
486
327
108
36
477
345
296
417
345
18
1
264
403
239
334
340
409
91
104
308
319
474
251
43
273
342
361
158
173
178
431
313
378
85
200
234
401
297
370
341
99
306
177
377
127
181
178
51
101
399
297
127
226
329
426
149
133
43
92
87
312
311
293
158
406
400
164
484
447
212
51
113
436
427
402
162
138
342
199
419
482
122
36
6
436
279
308
107
259
62
155
324
87
440
388
388
246
396
423
362
403
429
110
475
289
79
112
90
212
159
88
242
34
328
265
4
122
408
370
51
21
172
248
472
279
91
129
281
46
284
161
38
469
380
239
132
225
112
42
240
251
197
433
34
347
209
211
116
190
174
249
432
155
470
43
52
381
319
413
345
211
395
183
346
297
87
333
18
204
122
227
182
233
473
92
440
230
368
188
482
226
377
270
288
82
474
335
355
101
169
178
323
451
308
246
485
326
13
208
437
363
268
230
58
307
49
15
233
392
397
242
469
487
219
143
279
411
201
290
469
282
475
341
250
375
315
359
323
290
150
392
470
429
170
306
62
268
68
432
463
314
4
490
51
334
60
453
223
297
472
124
315
332
160
413
50
191
29
71
328
432
130
29
140
459
61
287
465
295
35
268
298
86
54
330
267
236
464
440
67
4
413
355
174
350
81
152
423
469
376
482
138
342
225
426
101
475
164
126
310
89
88
184
128
111
149
462
48
318
445
266
207
277
177
163
28
236
154
369
290
129
89
340
473
261
397
147
61
128
422
316
9
2
36
100
295
92
24
249
114
200
23
299
40
334
289
318
212
459
428
258
94
226
318
110
171
71
479
112
35
141
340
211
233
379
409
440
323
323
401
155
432
8
72
68
315
210
437
2
319
218
203
175
251
189
306
262
482
108
288
59
221
143
154
351
284
189
277
385
421
75
244
82
289
371
436
16
321
302
151
45
184
378
198
249
143
181
26
283
337
474
401
448
161
211
258
298
344
54
231
62
445
296
76
268
218
461
75
397
119
461
41
10
214
426
19
179
85
340
187
110
380
267
123
125
466
336
416
357
224
180
30
420
400
384
118
11
167
255
238
416
297
467
185
212
483
163
35
128
122
8
1
269
228
104
83
447
11
228
432
433
105
86
193
11
347
411
6
184
139
195
47
18
435
33
467
135
45
481
187
352
314
269
361
408
81
50
222
105
393
119
33
80
372
458
115
142
205
359
202
203
100
51
117
198
297
148
383
218
66
409
2
324
345
310
234
314
139
380
87
260
484
233
142
66
225
248
313
386
242
295
130
340
445
199
192
129
125
462
54
320
451
344
25
209
488
88
284
50
429
294
260
473
291
488
313
32
45
293
193
10
124
117
332
282
299
124
94
120
13
266
28
184
285
172
406
425
188
88
176
287
302
400
424
73
460
348
44
267
340
76
482
428
374
155
447
329
225
490
408
100
322
440
455
428
427
40
378
480
437
35
7
254
340
481
106
287
125
240
322
107
74
216
321
425
113
87
376
290
374
50
406
380
351
104
294
122
155
284
61
80
55
157
32
329
260
476
158
154
205
357
255
314
191
242
5
163
183
456
444
322
474
199
201
245
179
146
185
54
402
120
370
411
6
24
436
305
296
45
126
15
118
248
374
253
369
396
449
249
179
471
389
41
34
178
313
267
407
461
213
382
205
261
89
350
20
342
241
282
458
434
442
118
3
405
31
68
436
97
201
375
86
176
211
285
437
359
359
11
169
402
271
410
262
202
96
397
147
351
197
55
370
140
452
223
297
245
60
283
406
102
285
305
142
44
137
121
222
431
257
432
16
285
176
112
186
486
159
325
131
2
76
379
50
39
439
455
42
267
144
53
210
455
165
270
54
478
275
384
420
408
151
51
180
484
145
66
209
285
273
242
93
112
188
278
115
190
384
465
290
236
143
149
475
99
315
96
186
87
267
266
139
429
79
229
129
345
13
21
211
456
412
69
189
338
14
12
110
34
285
485
459
101
137
478
472
398
43
81
15
361
186
47
489
254
283
51
347
242
89
109
329
354
37
165
464
282
227
44
102
145
442
38
490
391
81
240
91
176
191
283
369
483
23
91
277
79
287
208
79
137
480
319
161
162
231
43
140
449
482
424
326
297
355
258
374
2
308
5
89
255
396
5
184
325
453
183
271
122
68
145
372
137
174
383
333
223
259
97
152
83
149
99
383
263
280
438
244
336
102
359
88
396
255
371
289
121
339
8
103
336
356
67
451
467
275
298
292
454
58
346
238
246
330
355
366
15
68
224
178
52
456
159
412
119
359
214
420
409
143
186
416
150
268
26
447
319
364
98
147
23
136
324
63
383
478
251
327
59
343
244
72
270
52
50
227
94
386
405
163
130
4
176
108
427
478
231
148
294
371
40
360
405
112
132
483
199
46
184
315
39
295
135
69
53
287
269
159
123
360
247
164
402
84
186
80
121
424
412
377
75
132
14
124
392
423
412
130
205
15
83
479
444
11
380
401
293
224
380
360
364
214
317
226
13
135
121
451
130
186
275
388
287
269
466
80
349
195
111
260
208
140
200
135
404
255
65
341
31
333
446
471
126
456
281
170
68
398
158
167
357
201
152
402
476
154
54
310
299
349
434
247
274
270
169
90
385
128
415
377
388
13
404
480
55
31
282
86
343
183
448
411
170
59
176
51
318
314
119
99
419
409
174
66
312
106
420
6
111
406
283
297
307
431
462
179
441
227
87
228
158
106
84
103
150
92
245
81
457
254
64
142
285
255
37
118
187
326
374
275
307
432
227
412
342
231
3
399
217
423
295
22
274
272
134
314
341
216
315
335
143
328
113
172
320
13
270
80
210
25
377
2
373
207
71
93
382
50
192
227
114
429
93
212
368
113
153
83
337
247
130
71
308
281
16
251
424
18
120
433
196
131
278
482
130
227
343
325
255
123
307
220
56
231
97
80
133
170
470
270
474
156
45
309
154
7
80
247
442
31
120
73
88
310
458
11
279
116
348
109
374
456
445
463
51
148
260
356
79
42
444
473
327
376
298
171
256
284
359
61
450
127
287
43
211
393
68
391
407
337
257
329
450
358
247
336
286
160
118
251
360
312
90
30
237
154
443
124
320
288
341
416
292
272
399
434
3
427
476
148
431
341
389
228
194
185
32
324
115
460
404
209
453
164
145
173
254
15
416
168
41
95
65
176
231
200
393
423
26
166
212
93
14
245
44
235
313
129
65
81
33
379
249
271
332
240
180
298
3
43
457
427
160
50
222
41
332
345
38
247
191
171
331
162
395
246
21
186
80
53
415
362
395
150
454
308
459
415
444
246
123
239
93
382
314
395
123
264
458
220
328
206
133
413
55
184
35
104
347
411
474
53
410
153
147
320
325
270
364
6
5
38
256
105
433
170
447
398
295
259
437
452
418
351
226
484
476
104
151
78
324
131
100
284
217
21
457
128
104
209
81
229
303
113
237
166
132
343
455
10
211
421
308
39
217
117
123
137
342
75
130
412
225
111
148
472
29
230
477
194
320
429
294
208
99
304
480
277
260
150
149
362
130
214
222
61
2
249
455
378
78
414
135
218
479
201
290
65
192
126
51
300
246
431
417
95
149
253
241
259
310
411
105
444
469
72
406
286
7
77
119
126
419
15
422
168
478
312
154
31
376
298
64
371
391
122
270
180
385
37
277
197
144
9
222
92
361
10
109
324
45
116
339
445
373
459
278
203
295
106
444
420
311
101
140
116
282
277
214
431
273
6
178
189
202
388
253
473
258
404
373
102
92
400
177
2
281
312
11
69
32
51
369
377
279
110
252
176
445
78
324
118
310
357
230
6
433
390
480
96
150
437
131
210
310
368
98
223
474
372
261
98
399
490
189
227
416
276
176
425
372
268
191
73
28
241
353
471
418
192
284
239
323
342
43
287
110
391
394
66
93
269
105
46
288
386
435
333
19
34
333
305
340
329
264
8
369
273
188
251
424
39
421
171
180
210
425
29
46
28
24
141
72
364
345
390
355
111
427
145
2
281
37
38
1
27
260
361
14
406
265
436
413
293
30
268
287
23
5
203
68
89
215
170
151
204
350
75
480
351
241
310
72
200
488
308
387
207
284
404
276
397
475
106
481
175
261
275
296
223
355
378
129
45
263
383
249
52
298
67
222
241
35
151
169
392
358
484
85
299
249
313
438
433
83
485
173
60
159
144
295
470
42
299
200
93
188
337
6
471
489
137
6
218
356
396
272
146
200
429
162
276
335
460
154
242
105
190
355
168
229
313
384
254
389
282
370
55
177
274
246
308
357
327
108
263
225
283
240
466
139
141
73
56
72
70
24
43
393
153
134
405
242
44
2
169
93
229
353
386
64
295
12
32
315
463
282
234
18
155
242
230
159
418
4
448
254
401
300
416
35
297
294
482
114
437
48
69
42
451
185
71
8
190
240
119
45
401
192
7
187
321
214
473
305
435
412
27
431
283
429
372
288
146
268
276
67
402
305
4
86
59
147
121
402
455
296
75
482
476
412
189
189
246
215
155
415
24
5
432
254
56
1
216
374
461
297
372
28
83
185
161
171
79
93
154
358
324
353
142
127
260
378
393
468
297
153
375
314
265
37
175
11
411
287
180
32
263
235
199
355
373
359
228
226
45
