41
63
104
357
503
517
496
442
399
406
340
453
357
179
205
275
261
263
363
270
228
410
454
422
482
516
640
521
456
471
534
585
493
492
588
735
711
871
943
1022
1145
1127
941
1083
1079
1225
1392
1421
1388
1540
1567
1547
1644
1598
1598
1398
1385
1275
1376
1388
1301
1429
1440
1492
1442
1336
1344
1504
1466
1563
1492
1555
1406
1385
1282
1252
1308
1464
1510
1569
1595
1615
1486
1344
1460
1579
1462
1570
1384
1418
1469
1515
1431
1440
1391
1350
1244
1140
1062
940
1041
850
895
952
885
769
648
584
657
697
530
290
98
203
249
213
216
254
268
264
164
221
163
20
115
205
325
396
407
509
521
484
593
519
577
576
368
363
416
501
286
249
284
474
458
333
265
378
442
466
448
307
202
178
336
466
512
351
386
187
109
4294967260
4294967195
4294967165
4294967103
4294967224
4294967195
4294967016
4294966974
4294966955
4294966847
4294966735
4294966487
4294966387
4294966569
4294966595
4294966604
4294966705
4294966790
4294966730
4294966836
4294966723
4294966741
4294966823
4294966771
4294966787
4294966789
4294966755
4294966706
4294966547
4294966530
4294966577
4294966720
4294966614
4294966415
4294966363
4294966363
4294966453
4294966330
4294966443
4294966648
4294966642
4294966721
4294966645
4294966750
4294966781
4294966759
4294966730
4294966777
4294966696
4294966806
4294966984
4294966894
4294966793
4294966795
4294966781
4294966853
4294966973
4294967034
4294966898
4294967129
4294967246
4294967219
4294967044
4294967148
4294967142
4294967065
4294967205
4294966972
4294966993
4294967017
4294966897
4294966972
4294967026
4294967038
4294967037
4294967039
4294967127
4294967163
4294967108
4294967040
4294967179
4294967203
4294967147
4294967152
4294967029
4294966946
4294966957
4294966912
4294966966
4294966955
4294966928
4294966758
4294966687
4294966573
4294966665
4294966536
4294966583
4294966465
4294966536
4294966503
4294966468
4294966576
4294966574
4294966511
4294966450
4294966509
4294966402
4294966254
4294966450
4294966525
4294966403
4294966470
4294966415
4294966296
4294966266
4294966291
4294966347
4294966257
4294966365
4294966342
4294966290
4294966328
4294966186
4294966218
4294965964
4294966032
4294965828
4294965608
4294965519
4294965488
4294965535
4294965591
4294965624
4294965857
4294965913
4294966025
4294966065
4294966056
4294966270
4294966233
4294966225
4294966217
4294966086
4294966126
4294966031
4294966073
4294966099
4294966010
4294965956
4294965934
4294966228
4294966171
4294965929
4294965847
4294965928
4294966036
4294966031
4294965893
4294966120
4294966073
4294966149
4294966388
4294966392
4294966498
4294966459
4294966471
4294966471
4294966554
4294966627
4294966664
4294966817
4294966927
4294966818
4294966868
4294966725
4294966491
4294966549
4294966642
4294966637
4294966759
4294966714
4294966666
4294966816
4294966952
4294966857
4294966890
4294966957
4294966866
4294966949
4294966991
4294966864
4294966764
4294966668
4294966622
4294966651
4294966624
4294966748
4294966764
4294966747
4294966657
4294966738
4294966694
4294966640
4294966556
4294966643
4294966533
4294966475
4294966510
4294966370
4294966250
4294966250
4294965923
4294966081
4294965968
4294965942
4294965933
4294965950
4294965885
4294965900
4294965805
4294965684
4294965847
4294965792
4294965908
4294966027
4294966049
4294966004
4294965975
4294966281
4294966187
4294966248
4294966281
4294966290
4294966317
4294966262
4294966151
4294966004
4294965895
4294965944
4294966184
4294966151
4294966244
4294966387
4294966329
4294966459
4294966547
4294966431
4294966370
4294966342
4294966391
4294966280
4294966381
4294966328
4294966325
4294966352
4294966402
4294966367
4294966494
4294966394
4294966351
4294966414
4294966418
4294966392
4294966344
4294966308
4294966378
4294966407
4294966464
4294966518
4294966573
4294966608
4294966552
4294966448
4294966652
4294966653
4294966624
4294966542
4294966718
4294966881
4294966788
4294966710
4294966449
4294966439
4294966428
4294966352
4294966283
4294966153
4294966185
4294966107
4294966196
4294966256
4294966168
4294966227
4294966265
4294966256
4294966281
4294966320
4294966362
4294966370
4294966287
4294966418
4294966535
4294966677
4294966690
4294966784
4294966920
4294966913
4294966908
4294966966
4294966787
4294966953
4294967170
4294967196
4294967071
4294967182
4294967171
4294967208
4294967262
4294967258
4294967124
4294967244
4294967126
4294967217
4294967145
4294967105
4294967015
4294967041
4294967105
4294967112
4294967125
4294967111
4294967003
4294966958
4294966994
4294967043
4294967014
4294966832
4294966769
4294966655
4294966542
4294966592
4294966501
4294966389
4294966195
4294966092
4294966074
4294966029
4294965905
4294965944
4294965887
4294965900
4294965918
4294965839
4294965942
4294965926
4294965983
4294965872
4294965882
4294965879
4294965901
4294965853
4294965978
4294965972
4294966073
4294966125
4294966202
4294966231
4294966140
4294966323
4294966551
4294966583
4294966587
4294966611
4294966415
4294966370
4294966527
4294966714
4294966715
4294966828
4294966918
4294966940
4294966813
4294966924
4294966790
4294966613
4294966581
4294966567
4294966659
4294966714
4294966756
4294966551
4294966533
4294966719
4294966597
4294966581
4294966545
4294966524
4294966467
4294966461
4294966420
4294966302
4294966230
4294966314
4294966240
4294966234
4294966178
4294966250
4294966240
4294966022
4294965870
4294966019
4294965888
4294965877
4294965829
4294965692
4294965634
4294965604
4294965582
4294965499
4294965628
4294965706
4294965691
4294965563
4294965486
4294965565
4294965383
4294965217
4294965149
4294965072
4294965202
4294965253
4294965240
4294965425
4294965337
4294965279
4294965494
4294965446
4294965269
4294965270
4294965251
4294965331
4294965276
4294965242
4294965252
4294965357
4294965524
4294965641
4294965621
4294965536
4294965623
4294965510
4294965387
4294965435
4294965554
4294965585
4294965425
4294965294
4294965389
4294965420
4294965441
4294965454
4294965579
4294965567
4294965621
4294965641
4294965673
4294965717
4294965616
4294965689
4294965773
4294965650
4294965695
4294965599
4294965675
4294965601
4294965663
4294965713
4294965785
4294965937
4294965856
4294965817
4294965617
4294965662
4294965758
4294965505
4294965500
4294965499
4294965576
4294965554
4294965546
4294965591
4294965453
4294965299
4294965353
4294965420
4294965273
4294965342
4294965423
4294965347
4294965371
4294965386
4294965508
4294965457
4294965478
4294965416
4294965395
4294965518
4294965388
4294965358
4294965358
4294965296
4294965277
4294965369
4294965344
4294965215
4294965245
4294965295
4294965375
4294965176
4294965034
4294965054
4294964975
4294964807
4294964822
4294964831
4294964734
4294964763
4294964794
4294964913
4294964807
4294964706
4294964898
4294964663
4294964653
4294964617
4294964459
4294964353
4294964277
4294964226
4294964199
4294964143
4294963949
4294963871
4294963888
4294963789
4294963747
4294963829
4294963681
4294963587
4294963770
4294963584
4294963540
4294963415
4294963491
4294963423
4294963262
4294963342
4294963349
4294963372
4294963472
4294963259
4294963176
4294963124
4294963242
4294963222
4294963181
4294963172
4294963219
4294963075
4294963061
4294963091
4294963082
4294963042
4294962955
4294963015
4294962958
4294962982
4294962978
4294963044
4294963063
4294963050
4294963008
4294962883
4294963071
4294963220
4294963194
4294962985
4294963105
4294963194
4294963258
4294963386
4294963437
4294963386
4294963454
4294963436
4294963322
4294963341
4294963275
4294963403
4294963440
4294963634
4294963518
4294963407
4294963445
4294963584
4294963434
4294963436
4294963448
4294963312
4294963475
4294963554
4294963625
4294963538
4294963550
4294963628
4294963531
4294963557
4294963759
4294963752
4294963691
4294963734
4294963796
4294963778
4294963826
4294963896
4294963854
4294963931
4294963948
4294964063
4294964083
4294964117
4294964006
4294963907
4294964027
4294964129
4294964274
4294964260
4294964367
4294964289
4294964203
4294964281
4294964398
4294964559
4294964587
4294964478
4294964598
4294964515
4294964411
4294964360
4294964376
4294964361
4294964287
4294964379
4294964441
4294964401
4294964387
4294964518
4294964481
4294964645
4294964466
4294964440
4294964421
4294964493
4294964519
4294964659
4294964626
4294964508
4294964325
4294964359
4294964381
4294964200
4294964305
4294964419
4294964528
4294964478
4294964381
4294964199
4294964146
4294964242
4294964379
4294964466
4294964753
4294964808
4294964747
4294964665
4294964622
4294964505
4294964535
4294964455
4294964507
4294964462
4294964423
4294964372
4294964464
4294964491
4294964441
4294964214
4294964062
4294964048
4294963985
4294963926
4294963935
4294963806
4294963830
4294963643
4294963722
4294963605
4294963703
4294963720
4294963713
4294963835
4294963862
4294963886
4294963894
4294963833
4294963762
4294963965
4294964075
4294964194
4294964166
4294964158
4294964158
4294964153
4294964137
4294964124
4294964229
4294964221
4294964067
4294964033
4294964037
4294963906
4294963932
4294963819
4294963761
4294963763
4294963729
4294963787
4294963785
4294963821
4294963702
4294963785
4294963650
4294963377
4294963331
4294963226
4294963036
4294963101
4294963025
4294963026
4294963067
4294962965
4294962951
4294962985
4294962941
4294962966
4294963074
4294962895
4294962856
4294962794
4294962856
4294962953
4294963069
4294963156
4294963048
4294963172
4294963392
4294963422
4294963403
4294963356
4294963416
4294963265
4294963285
4294963399
4294963511
4294963406
4294963172
4294963118
4294963164
4294963181
4294962990
4294962911
4294962880
4294962871
4294962757
4294962701
4294962585
4294962403
4294962366
4294962455
4294962458
4294962316
4294962139
4294962130
4294962180
4294962120
4294962111
4294962402
4294962322
4294962344
4294962370
4294962319
4294962097
4294962116
4294962129
4294961917
4294961827
4294961801
4294961716
4294961827
4294961927
4294961965
4294961819
4294962184
4294962246
4294962302
4294962101
4294962307
4294962423
4294962400
4294962270
4294962216
4294962330
4294962202
4294962174
4294962177
4294962173
4294962167
4294962276
4294962226
4294962306
4294962312
4294962255
4294962207
4294962268
4294962108
4294962008
4294961746
4294961674
4294961552
4294961470
4294961371
4294961398
4294961371
4294961124
4294961065
4294961047
4294961148
4294961258
4294961451
4294961562
4294961478
4294961371
4294961356
4294961510
4294961519
4294961503
4294961621
4294961513
4294961489
4294961561
4294961419
4294961397
4294961425
4294961686
4294961856
4294961885
4294961773
4294961722
4294961649
4294961640
4294961611
4294961553
4294961572
4294961709
4294961769
4294961699
4294961560
4294961544
4294961467
4294961499
4294961479
4294961467
4294961534
4294961584
4294961546
4294961478
4294961401
4294961499
4294961517
4294961515
4294961503
4294961454
4294961511
4294961414
4294961453
4294961479
4294961443
4294961380
4294961251
4294961200
4294961132
4294961074
4294961133
4294961118
4294961212
4294961189
4294961350
4294961278
4294961343
4294961343
4294961350
4294961454
4294961473
4294961355
4294961373
4294961430
4294961430
4294961418
4294961165
4294961239
4294961403
4294961363
4294961397
4294961306
4294961318
4294961383
4294961485
4294961504
4294961438
4294961522
4294961791
4294961768
4294961699
4294961628
4294961618
4294961603
4294961570
4294961648
4294961712
4294961636
4294961533
4294961453
4294961468
4294961577
4294961791
4294961781
4294961721
4294961669
4294961558
4294961441
4294961415
4294961501
4294961637
4294961819
4294961706
4294961830
4294961804
4294961748
4294961812
4294961910
4294961715
4294961867
4294961847
4294961861
4294961841
4294961641
4294961640
4294961794
4294961918
4294961879
4294961805
4294961816
4294961860
4294961922
4294961825
4294961959
4294961939
4294962011
4294961974
4294962041
4294962051
4294961801
4294961805
4294961936
4294961802
4294962055
4294962131
4294962148
4294962048
4294962191
4294962302
4294962530
4294962648
4294962640
4294962657
4294962630
4294962567
4294962532
4294962315
4294962363
4294962492
4294962288
4294962271
4294962387
4294962380
4294962413
4294962518
4294962486
4294962378
4294962449
4294962394
4294962406
4294962341
4294962264
4294962369
4294962494
4294962520
4294962539
4294962528
4294962550
4294962303
4294962264
4294962249
4294962316
4294962309
4294962243
4294962297
4294962199
4294962151
4294962267
4294962144
4294962179
4294961994
4294962039
4294962162
4294962189
4294962341
4294962444
4294962404
4294962481
4294962264
4294962409
4294962363
4294962270
4294962264
4294962271
4294962212
4294962130
4294962180
4294962386
4294962281
4294962235
4294962342
4294962282
4294962145
4294962127
4294962138
4294962145
4294962132
4294962197
4294962174
4294962236
4294962234
4294962153
4294962090
4294962134
4294962131
4294962101
4294962142
4294962084
4294962155
4294962000
4294961900
4294961883
4294961870
4294961843
4294961752
4294961895
4294962016
4294962006
4294962063
4294962086
4294961912
4294962027
4294961958
4294961958
4294962101
4294961886
4294961864
4294961835
4294961579
4294961672
4294961579
4294961588
4294961655
4294961496
4294961365
4294961573
4294961533
4294961523
4294961593
4294961663
4294961767
4294961640
4294961637
4294961494
4294961481
4294961581
4294961480
4294961449
4294961533
4294961338
4294961272
4294961347
4294961372
4294961390
4294961413
4294961390
4294961446
4294961335
4294961314
4294961264
4294961271
4294961056
4294961097
4294961230
4294961266
4294961393
4294961327
4294961358
4294961342
4294961106
4294961122
4294961180
4294960920
4294961038
4294961219
4294961340
4294961200
4294961290
4294961203
4294961147
4294961045
4294961156
4294961174
4294961193
4294961248
4294961402
4294961515
4294961628
4294961659
4294961680
4294961790
4294961713
4294961848
4294961831
4294961761
4294961915
4294961921
4294961858
4294961962
4294962091
4294962113
4294962226
4294962233
4294962142
4294962136
4294961994
4294961876
4294961755
4294961936
4294961985
4294961934
4294961833
4294962013
4294962058
4294961998
4294961801
4294961703
4294961907
4294961886
4294961768
4294961748
4294961999
4294961878
4294961935
4294961805
4294961825
4294961792
4294961746
4294961827
4294961741
4294961682
4294961622
4294961610
4294961541
4294961463
4294961560
4294961537
4294961485
4294961469
4294961458
4294961400
4294961237
4294961291
4294961186
4294961123
4294961121
4294961191
4294961155
4294961132
4294961162
4294961287
4294961278
4294961141
4294961078
4294961005
4294960989
4294960984
4294960916
4294960790
4294960993
4294961029
4294961095
4294961223
4294961008
4294961061
4294961060
4294960877
4294960902
4294960993
4294960926
4294961105
4294960942
4294960957
4294961003
4294961054
4294960977
4294960928
4294960733
4294960765
4294960838
4294960868
4294960994
4294960962
4294960891
4294960875
4294960841
4294961067
4294961051
4294960979
4294960758
4294960812
4294960881
4294960952
4294960879
4294960894
4294960915
4294961015
4294961042
4294961208
4294961128
4294961146
4294961054
4294961192
4294961236
4294961299
4294961390
4294961326
4294961318
4294961195
4294961346
4294961349
4294961337
4294961416
4294961467
4294961544
4294961650
4294961680
4294961742
4294961814
4294961958
4294961762
4294961790
4294961730
4294961761
4294961866
4294961888
4294961918
4294961984
4294961975
4294961976
4294961984
4294961893
4294961986
4294961910
4294961832
4294961694
4294961634
4294961664
4294961688
4294961656
4294961699
4294961722
4294961761
4294961693
4294961642
4294961521
4294961495
4294961512
4294961569
4294961558
4294961696
4294961526
4294961470
4294961386
4294961448
4294961431
4294961504
4294961560
4294961615
4294961559
4294961498
4294961538
4294961735
4294961669
4294961688
4294961646
4294961427
4294961502
4294961518
4294961457
4294961482
4294961483
4294961525
4294961579
4294961736
4294961818
4294961919
4294961870
4294961738
4294961848
4294961850
4294961907
4294961860
4294961830
4294961788
4294961791
4294961728
4294961715
4294961685
4294961559
4294961343
4294961426
4294961525
4294961380
4294961330
4294961411
4294961458
4294961687
4294961683
4294961748
4294961783
4294961783
4294961553
4294961671
4294961898
4294962018
4294962020
4294962021
4294962100
4294962171
4294962213
4294962257
4294962349
4294962417
4294962445
4294962461
4294962520
4294962361
4294962330
4294962419
4294962384
4294962469
4294962485
4294962508
4294962420
4294962272
4294962230
4294962265
4294962269
4294962253
4294962228
4294962180
4294962108
4294962059
4294962050
4294962125
4294962072
4294962132
4294962093
4294961983
4294962017
4294961965
4294962099
4294962128
4294962021
4294962028
4294961885
4294961954
4294961962
4294962058
4294961858
4294961870
4294961830
4294961839
4294961716
4294961647
4294961686
4294961756
4294961625
4294961735
4294961611
4294961573
4294961630
4294961729
4294961683
4294961738
4294961655
4294961725
4294961534
4294961568
4294961611
4294961860
4294962028
4294962129
4294962042
4294961858
4294961849
4294961893
4294961821
4294961797
4294961794
4294961764
4294961932
4294961934
4294961914
4294961779
4294961862
4294961931
4294961946
4294961989
4294961744
4294961881
4294961957
4294961854
4294961776
4294961781
4294961856
4294961839
4294961880
4294961908
4294961972
4294962023
4294961988
4294961756
4294961861
4294961813
4294961910
4294961918
4294961958
4294961934
4294961924
4294962099
4294962080
4294962157
4294962113
4294962157
4294962228
4294962172
4294962325
4294962306
4294962401
4294962261
4294962253
4294962333
4294962267
4294962249
4294962161
4294961992
4294961883
4294961853
4294961944
4294961922
4294962020
4294961958
4294961772
4294961806
4294961748
4294961696
4294961825
4294961773
4294961803
4294961708
4294961660
4294961655
4294961676
4294961729
4294961916
4294961851
4294961803
4294961853
4294961853
4294961865
4294961953
4294962114
4294962187
4294962169
4294962364
4294962411
4294962550
4294962462
4294962439
4294962249
4294962103
4294962177
4294962214
4294962289
4294962240
4294962356
4294962145
4294962145
4294962100
4294962147
4294962273
4294962404
4294962385
4294962402
4294962357
4294962130
4294962231
4294962308
4294962390
4294962289
4294962123
4294962204
4294962292
4294962221
4294962183
4294962101
4294962027
4294961904
4294961870
4294961911
4294962067
4294962111
4294962008
4294962063
4294961853
4294961814
4294961615
4294961770
4294961924
4294961896
4294961833
4294961887
4294961766
4294961766
4294961754
4294961683
4294961557
4294961443
4294961584
4294961562
4294961510
4294961430
4294961573
4294961671
4294961732
4294961743
4294961661
4294961683
4294961592
4294961479
4294961526
4294961556
4294961616
4294961499
4294961451
4294961326
4294961385
4294961466
4294961482
4294961376
4294961427
4294961434
4294961405
4294961414
4294961336
4294961448
4294961545
4294961515
4294961602
4294961697
4294961617
4294961626
4294961700
4294961843
4294961880
4294962005
4294962087
4294962062
4294962330
4294962350
4294962605
4294962383
4294962391
4294962441
4294962255
4294962153
4294962100
4294962108
4294962211
4294962251
4294962148
4294962148
4294962218
4294962228
4294962207
4294962161
4294962134
4294962088
4294962062
4294962244
4294962030
4294961923
4294961935
4294961925
4294961953
4294961846
4294961638
4294961455
4294961466
4294961358
4294961451
4294961494
4294961442
4294961308
4294961289
4294961361
4294961401
4294961399
4294961463
4294961502
4294961310
4294961333
4294961362
4294961463
4294961466
4294961598
4294961571
4294961593
4294961455
4294961550
4294961580
4294961558
4294961448
4294961307
4294961287
4294961493
4294961355
4294961498
4294961510
4294961653
4294961661
4294961640
4294961622
4294961596
4294961638
4294961736
4294961792
4294961772
4294961836
4294961918
4294961857
4294961680
4294961623
4294961521
4294961493
4294961599
4294961562
4294961649
4294961647
4294961740
4294961553
4294961582
4294961666
4294961770
4294961758
4294961805
4294961726
4294961762
4294961900
4294961903
4294961926
4294961957
4294962019
4294961924
4294961972
4294961979
4294961935
4294961932
4294961976
4294962091
4294962028
4294962041
4294962005
4294961827
4294962065
4294962058
4294962176
4294962132
4294962033
4294962142
4294962128
4294962220
4294962129
4294962063
4294962069
4294962029
4294962040
4294961953
4294962000
4294962056
4294962026
4294961931
4294961924
4294961988
4294961871
4294961942
4294961883
4294961947
4294962100
4294962125
4294962032
4294961980
4294961865
4294961791
4294961798
4294961922
4294961750
4294961676
4294961759
4294961749
4294961732
4294961749
4294961812
4294962041
4294962047
4294962199
4294962103
4294962289
4294962226
4294962249
4294962199
4294962124
4294961865
4294961892
4294961904
4294961986
4294962084
4294962077
4294962169
4294962201
4294962179
4294962248
4294962413
4294962375
4294962380
4294962288
4294962121
4294962156
4294962127
4294962057
4294962217
4294962224
4294962219
4294962143
4294962310
4294962453
4294962522
4294962404
4294962428
4294962309
4294962331
4294962364
4294962372
4294962397
4294962494
4294962529
4294962426
4294962403
4294962417
4294962467
4294962469
4294962432
4294962203
4294962217
4294962278
4294962376
4294962341
4294962161
4294961957
4294961982
4294962029
4294961894
4294961846
4294961933
4294961962
4294961849
4294961795
4294961795
4294961803
4294961860
4294961832
4294961835
4294961745
4294961957
4294961961
4294961993
4294962121
4294962218
4294962467
4294962475
4294962509
4294962600
4294962554
4294962628
4294962665
4294962671
4294962544
4294962622
4294962552
4294962480
4294962583
4294962448
4294962296
4294962270
4294962258
4294962259
4294962404
4294962453
4294962672
4294962667
4294962828
4294962814
4294962847
4294962822
4294962845
4294962774
4294962757
4294962761
4294962716
4294962635
4294962715
4294962723
4294962713
4294962822
4294962872
4294962931
4294962715
4294962694
4294962623
4294962622
4294962687
4294962604
4294962708
4294962638
4294962638
4294962912
4294963033
4294962975
4294962709
4294962624
4294962430
4294962424
4294962459
4294962266
4294962238
4294962143
4294962164
4294962248
4294962029
4294961997
4294961889
4294961920
4294961963
4294961960
4294961914
4294961822
4294961795
4294961948
4294962134
4294962241
4294962350
4294962500
4294962495
4294962475
4294962383
4294962334
4294962359
4294962456
4294962536
4294962370
4294962392
4294962593
4294962599
4294962516
4294962523
4294962338
4294962361
4294962258
4294962212
4294962333
4294962372
4294962219
4294962207
4294962239
4294962253
4294962207
4294962442
4294962389
4294962396
4294962463
4294962512
4294962536
4294962536
4294962581
4294962629
4294962689
4294962605
4294962598
4294962598
4294962538
4294962683
4294962556
4294962727
4294962695
4294962931
4294963053
4294963120
4294963198
4294963122
4294963136
4294963029
4294962965
4294962856
4294963030
4294962927
4294962885
4294962880
4294962705
4294962678
4294962797
4294962782
4294962901
4294963044
4294962890
4294962783
4294962758
4294962830
4294962902
4294962857
4294962961
4294963081
4294962949
4294962898
4294963047
4294963102
4294962988
4294963152
4294963269
4294963391
4294963594
4294963666
4294963784
4294963868
4294963947
4294963904
4294964021
4294964037
4294963964
4294963977
4294963967
4294963961
4294964146
4294964070
4294964039
4294964038
4294963979
4294963976
4294964004
4294963923
4294963851
4294963782
4294963734
4294963743
4294963723
4294963535
4294963788
4294963679
4294963797
4294963677
4294963397
4294963336
4294963436
4294963541
4294963667
4294963715
4294963697
4294963562
4294963565
4294963609
4294963649
4294963810
4294963909
4294963929
4294963801
4294963952
4294963971
4294964045
4294963867
4294963895
4294963947
4294963940
4294963946
4294964099
4294964010
4294963899
4294964026
4294964260
4294964222
4294964243
4294964216
4294964431
4294964473
4294964560
4294964547
4294964665
4294964652
4294964660
4294964650
4294964731
4294964751
4294964728
4294964605
4294964543
4294964364
4294964322
4294964264
4294964397
4294964423
4294964338
4294964143
4294964192
4294964016
4294963937
4294963906
4294964138
4294964196
4294964103
4294964047
4294964188
4294964112
4294964115
4294964123
4294964097
4294964106
4294964136
4294963968
4294964001
4294963957
4294963921
4294963934
4294963946
4294963900
4294963999
4294963974
4294964148
4294964269
4294964073
4294964116
4294964085
4294964252
4294964206
4294964234
4294964114
4294964254
4294964242
4294964207
4294964285
4294964310
4294964515
4294964532
4294964386
4294964357
4294964515
4294964408
4294964547
4294964660
4294964779
4294964692
4294964588
4294964525
4294964587
4294964660
4294964821
4294964912
4294964730
4294964804
4294964699
4294964765
4294964800
4294964792
4294964742
4294964768
4294964814
4294964861
4294964915
4294964916
4294965014
4294965024
4294964953
4294964897
4294964852
4294964760
4294964883
4294964954
4294964913
4294965115
4294965019
4294964969
4294964959
4294965050
4294965067
4294965130
4294965197
4294965091
4294965257
4294965252
4294965354
4294965314
4294965173
4294965100
4294965029
4294964996
4294964999
4294964899
4294965003
4294965135
4294965193
4294965036
4294964873
4294964934
4294964787
4294964928
4294964876
4294964829
4294964800
4294964761
4294964752
4294964733
4294964701
4294964787
4294964639
4294964632
4294964606
4294964665
4294964719
4294964560
4294964600
4294964499
4294964488
4294964575
4294964693
4294964721
4294964769
4294964867
4294964907
4294964943
4294964840
4294964927
4294964821
4294964851
4294964737
4294964673
4294964563
4294964582
4294964654
4294964821
4294964832
4294964859
4294964774
4294964700
4294964618
4294964574
4294964573
4294964525
4294964697
4294964631
4294964714
4294964495
4294964586
4294964526
4294964781
4294964785
4294964711
4294964604
4294964613
4294964602
4294964659
4294964737
4294964871
4294964809
4294964676
4294964785
4294964752
4294964742
4294964647
4294964742
4294964760
4294964805
4294964780
4294964805
4294964920
4294965043
4294964946
4294965013
4294965017
4294965014
4294964937
4294964777
4294964770
4294964634
4294964594
4294964686
4294964702
4294964563
4294964649
4294964672
4294964778
4294964791
4294964721
4294964688
4294964656
4294964466
4294964533
4294964517
4294964482
4294964587
4294964588
4294964591
4294964749
4294964725
4294964744
4294964617
4294964510
4294964355
4294964277
4294964204
4294964280
4294964191
4294964072
4294964117
4294964094
4294963989
4294964085
4294964097
4294964047
4294964068
4294964086
4294964082
4294964101
4294964115
4294964080
4294964092
4294964050
4294964082
4294964069
4294964085
4294964011
4294964146
4294964185
4294964150
4294964096
4294964167
4294964086
4294964216
4294964090
4294963891
4294964127
4294964044
4294964011
4294964028
4294963970
4294964069
4294964297
4294964165
4294964121
4294964239
4294964531
4294964470
4294964567
4294964400
4294964435
4294964305
4294964362
4294964437
4294964516
4294964625
4294964634
4294964504
4294964453
4294964409
4294964404
4294964274
4294964242
4294964256
4294964166
4294964034
4294963978
4294963885
4294963826
4294963756
4294963782
4294963803
4294963717
4294963729
4294963637
4294963575
4294963784
4294963840
4294963861
4294963996
4294964065
4294963812
4294963934
4294964072
4294964132
4294964117
4294964198
4294964250
4294964303
4294964410
4294964254
4294964106
4294964106
4294964056
4294964104
4294964269
4294964321
4294964430
4294964319
4294964191
4294964260
4294964121
4294964226
4294964301
4294964367
4294964517
4294964489
4294964413
4294964393
4294964458
4294964490
4294964297
4294964405
4294964465
4294964391
4294964327
4294964323
4294964152
4294964206
4294964423
4294964517
4294964471
4294964363
4294964465
4294964440
4294964547
4294964548
4294964475
4294964453
4294964468
4294964571
4294964767
4294964762
4294964738
4294964621
4294964793
4294964608
4294964815
4294964786
4294964962
4294964939
4294964951
4294964819
4294964805
4294964817
4294964767
4294964822
4294964927
4294964835
4294964772
4294964774
4294964788
4294964877
4294964847
4294964800
4294964829
4294964851
4294964861
4294965047
4294965174
4294965124
4294965056
4294964999
4294965048
4294965002
4294964875
4294964876
4294964592
4294964503
4294964585
4294964551
4294964353
4294964209
4294964358
4294964404
4294964384
4294964136
4294964217
4294964251
4294964322
4294964109
4294964030
4294964098
4294964119
4294964138
4294964324
4294964387
4294964229
4294964183
4294964214
4294964254
4294964318
4294964263
4294964199
4294964105
4294964094
4294964070
4294964149
4294964242
4294964280
4294964310
4294964462
4294964504
4294964543
4294964654
4294964540
4294964399
4294964343
4294964310
4294964317
4294964292
4294964267
4294964301
4294964285
4294964114
4294964167
4294964145
4294964105
4294964180
4294964050
4294964013
4294963994
4294964020
4294964050
4294964071
4294963973
4294964095
4294964142
4294964203
4294964094
4294963981
4294964056
4294964081
4294963992
4294963915
4294963883
4294964005
4294964027
4294963868
4294963945
4294963913
4294964046
4294964072
4294964023
4294963986
4294963948
4294963883
4294964115
4294964131
4294964074
4294964215
4294964158
4294964217
4294964358
4294964367
4294964593
4294964596
4294964429
4294964472
4294964602
4294964721
4294964630
4294964653
4294964596
4294964638
4294964686
4294964554
4294964643
4294964708
4294964819
4294964737
4294964905
4294965042
4294965010
4294964994
4294964930
4294964984
4294964923
4294964861
4294964862
4294964986
4294965111
4294965092
4294965222
4294965133
4294965235
4294965379
4294965433
4294965414
4294965238
4294965150
4294965310
4294965410
4294965387
4294965542
4294965486
4294965516
4294965439
4294965458
4294965317
4294965244
4294965285
4294965271
4294965440
4294965343
4294965343
4294965433
4294965531
4294965618
4294965512
4294965574
4294965434
4294965420
4294965403
4294965426
4294965608
4294965468
4294965476
4294965486
4294965351
4294965309
4294965257
4294965157
4294965137
4294965255
4294965026
4294965010
4294964871
4294964779
4294964901
4294964881
4294964990
4294964952
4294964846
4294964736
4294964782
4294964783
4294964588
4294964648
4294964659
4294964758
4294964847
4294965107
4294964973
4294965023
4294964957
4294965050
4294964999
4294965147
4294965162
4294965243
4294965285
4294965211
4294965327
4294965252
4294965369
4294965242
4294965244
4294965108
4294965159
4294965298
4294965297
4294965359
4294965411
4294965421
4294965400
4294965329
4294965380
4294965332
4294965377
4294965304
4294965101
4294965064
4294964979
4294964968
4294965139
4294965329
4294965320
4294965445
4294965267
4294965216
4294965343
4294965337
4294965324
4294965356
4294965322
4294965490
4294965411
4294965448
4294965392
4294965475
4294965433
4294965377
4294965506
4294965525
4294965465
4294965473
4294965541
4294965508
4294965459
4294965360
4294965246
4294965289
4294965393
4294965394
4294965249
4294965354
4294965463
4294965463
4294965655
4294965641
4294965669
4294965697
4294965737
4294965719
4294965610
4294965690
4294965600
4294965591
4294965592
4294965598
4294965567
4294965474
4294965459
4294965548
4294965669
4294965566
4294965643
4294965648
4294965519
4294965345
4294965329
4294965338
4294965284
4294965056
4294965016
4294965193
4294965063
4294965180
4294965237
4294965159
4294965231
4294965253
4294965402
4294965524
4294965576
4294965518
4294965483
4294965498
4294965568
4294965698
4294965706
4294965430
4294965302
4294965353
4294965474
4294965578
4294965543
4294965589
4294965681
4294965565
4294965698
4294965764
4294965815
4294965851
4294966075
4294966091
4294965956
4294965966
4294966041
4294966220
4294966179
4294965875
4294965848
4294965788
4294965708
4294965772
4294965733
4294965759
4294965707
4294965887
4294965870
4294965858
4294965932
4294965836
4294965943
4294966043
4294966065
4294966121
4294966409
4294966366
4294966458
4294966406
4294966443
4294966428
4294966467
4294966402
4294966425
4294966445
4294966407
4294966456
4294966542
4294966436
4294966365
4294966313
4294966480
4294966438
4294966541
4294966448
4294966314
4294966354
4294966370
4294966630
4294966691
4294966727
4294966413
4294966588
4294966512
4294966542
4294966735
4294966655
4294966486
4294966528
4294966436
4294966461
4294966607
4294966447
4294966394
4294966303
4294966475
4294966545
4294966643
4294966784
4294966902
4294966925
4294966984
4294966973
4294966855
4294966974
4294966951
4294966749
4294966880
4294966817
4294966851
4294966748
4294966801
4294966620
4294966748
4294966839
4294966928
4294966834
4294966757
4294966857
4294966851
4294966828
4294966873
4294966854
4294966833
4294966900
4294966788
4294966759
4294966722
4294966743
4294966820
4294966793
4294966835
4294966794
4294966903
4294966916
4294966888
4294966986
4294966912
4294967066
4294967092
4294967101
