36812
47596
22826
59988
401
38950
57152
33775
62852
63908
11113
43356
20770
34646
45963
51675
16731
4856
37644
21617
22154
38256
15613
2029
11272
60857
63312
1294
42839
51077
31312
22023
4329
22448
909
27186
55151
59462
18541
42696
60309
37397
55581
513
36721
18806
58291
47813
70
46033
17180
29685
22143
14661
61223
57152
31332
47019
64135
58030
50316
22043
46069
44003
10938
39684
32628
4368
42392
50348
43565
54190
55800
9493
34932
156
20061
32367
21512
6357
27118
45374
36837
40964
45636
49478
37756
30264
20944
50952
65169
49256
38179
63981
26047
11662
26821
29462
9364
54751
41507
37760
23305
26200
10068
51891
6416
32244
10018
35550
54913
48451
40583
8201
55012
8451
7591
50183
52610
28993
16875
13649
4336
58182
22776
22244
32398
54928
55287
60573
24962
52300
29554
20764
18214
32742
12954
8857
21569
29771
46421
35827
13302
57781
30385
47579
22156
22704
64548
62551
50513
39173
8551
11804
3605
22929
33012
49871
36252
33681
28212
55880
27762
23573
4895
50095
8783
13360
62676
30154
11191
14412
27447
25915
29707
9200
1569
48157
36620
38361
46263
55121
31516
50286
29047
64857
43954
59899
1280
60500
27464
57367
13413
51805
62577
58313
58864
23195
64772
24065
12915
4810
14344
53660
1693
44437
29835
44221
14822
44489
52880
20065
41665
35222
59868
19665
53174
52066
6322
54487
3619
35750
24414
5613
40577
13662
12744
10265
27349
19664
30051
19339
58042
16533
29132
22336
18334
23801
10941
37517
40129
55152
40919
50597
32561
14712
64405
22311
4094
64344
26694
20363
35807
23168
24634
14705
20153
46032
26954
56815
27643
29634
41877
30577
12269
37484
48162
24148
5819
256
36873
6675
46331
14497
48423
56586
54587
64173
10604
36023
57905
22628
62927
63717
48811
44477
33408
12472
36356
16067
56453
25949
3506
47455
26062
48172
33387
43053
3150
49979
4975
22259
27036
65359
7835
57750
40219
35580
57812
2847
50867
42702
1908
20818
48589
50228
20229
9729
12183
9382
7998
64841
21915
23661
11068
31826
16597
62873
25101
2335
28707
8140
21337
32469
54106
21749
50125
54260
31336
46304
42143
31072
42592
22976
48283
45381
53867
35120
360
10933
19705
29961
12818
50770
61810
21862
15553
43091
45583
60000
42456
13175
65064
30206
38875
27128
51026
8962
28309
64358
23261
3450
735
40055
47210
41618
36321
17216
61418
37199
29616
21212
22687
34803
64347
18201
20107
24937
39284
57912
12344
10686
53048
20791
9899
6603
55186
51042
26221
23425
61600
18630
56278
30430
21373
19900
50367
4523
30278
19987
48917
20444
1088
30739
13828
27754
21954
34786
64988
46601
8143
57956
4763
35254
22460
18394
34831
53132
495
52644
19282
64980
23859
19678
11779
45059
6999
59524
41958
38794
63763
41692
46013
3726
55521
62966
1530
1671
54951
1093
33363
35503
13687
49406
53447
2724
34064
61863
49125
59093
36302
17259
58881
27927
6315
61684
12631
22267
53432
61182
43086
62119
38094
23956
46609
44641
57199
29862
37635
21827
11031
5427
28234
9014
22549
59419
37582
33022
60360
43750
38944
20808
59068
32394
51552
44128
40763
16011
7564
50142
12073
9354
19566
1223
53649
39721
948
55909
31762
7571
9183
13594
57579
10066
28635
46007
4596
42014
25486
38515
2557
17372
21280
19079
40419
752
18349
38827
36725
49890
64544
43148
33029
15739
17524
40413
43587
35516
30252
38182
36108
18015
14030
30478
27118
31299
51893
57591
34678
47829
58554
24466
12170
33526
38989
24491
61304
3265
6362
57044
42858
10794
6124
37222
40560
7792
7627
3195
29090
48086
63954
54235
34561
27570
65448
64994
43384
59649
54246
33656
10175
8226
39920
48930
9402
48818
29739
24880
57136
63033
23200
3563
61440
5512
49327
44785
23767
10484
48613
33758
37338
45881
46908
688
21652
36401
16609
5594
14964
7008
10328
62037
43440
561
155
65312
59640
54948
4226
14326
10612
3384
9801
19985
10135
27383
38840
19911
9043
44809
42647
17966
53383
39774
32444
13713
11741
43224
2043
15355
18183
10545
65472
11347
3795
32255
8523
57187
35310
13946
57565
13485
1205
13026
6300
43670
3773
38477
34988
28444
48198
16109
58093
43030
61690
15610
13354
53699
38141
27170
22895
11056
20949
3572
18798
2343
19388
59933
64966
45035
8801
12674
17397
60943
5141
48095
3698
19965
4823
5280
1713
20405
54789
14511
11157
37744
59619
26473
8436
33575
13036
23094
28150
36004
347
29780
25404
25381
49944
373
16417
52417
36857
57825
59907
15937
44485
60783
19444
11943
438
63386
10003
8958
18535
47843
61459
58080
62864
8587
53872
9771
64396
34591
11513
40254
26223
40444
27299
54344
42490
43069
571
32328
46648
25945
12337
1929
39759
62025
26263
57149
200
11594
56408
31414
62081
9675
60289
42568
15158
49161
40474
58815
41210
19748
53403
11513
13860
36479
6361
32483
12091
1077
56738
56708
37156
25972
16939
31165
44544
49263
57020
16058
21055
53592
2848
5527
20994
64707
6538
64316
22399
31543
7707
57134
36418
37512
40024
29885
27628
55436
33102
18683
17732
32905
17432
40571
2579
62594
62493
8828
52312
24472
39452
55037
18993
34280
55622
65379
41121
48697
36197
50866
1444
49776
26903
36928
59377
20111
17117
45465
25042
15414
24791
38850
1446
34629
11178
25354
8367
31138
27477
58994
55212
25318
17376
52863
50705
49513
54223
27348
33578
23437
33132
46178
64151
58157
24966
45543
13087
47879
41228
16273
58741
12927
36751
39349
28942
18806
35512
18211
42549
49060
38269
7155
10042
54139
5601
28111
17798
9214
26569
54850
43336
47828
41878
15927
17818
10233
41184
14522
6092
49112
2055
17021
31195
22424
51661
13150
46728
13979
8362
37469
25311
32946
1166
9941
32690
16273
48517
64876
24021
634
402
16778
38305
60238
61237
56275
55277
65370
56683
47990
2186
8508
60841
64692
64653
33291
21871
31690
59025
27543
6265
9996
31293
61431
38625
17581
39932
39518
8218
4251
30139
18644
44474
21630
19841
27828
27084
47477
14721
44400
64975
44133
15023
5248
63839
46496
40003
55968
46450
2756
3
35819
54124
32474
44986
45742
54827
12704
14511
41516
43057
63334
34023
6126
36964
46081
48579
21711
23725
24403
57737
42197
50785
11897
27284
31749
53796
40178
49737
45893
13753
41336
24280
50718
17530
24776
24420
7289
14128
53596
40152
17552
30779
44380
57045
20525
18357
6234
12819
12184
42077
41978
39535
21710
54487
53640
22554
64675
59848
28928
7279
15717
58363
57225
53891
22305
19026
46094
27205
56171
64471
16941
5214
985
58359
37773
41569
14872
35144
8819
21345
43645
12143
58878
52069
52112
33437
53104
56724
48656
54073
57479
15350
63553
39106
11152
15620
12584
28853
21830
12370
32874
4949
44260
35840
647
16913
54744
49780
7344
3129
23529
33618
63136
37724
12689
17787
38033
6633
38447
22135
5480
62729
51002
32451
18197
30633
15549
6090
32534
34094
26849
58067
4916
46673
28496
28729
16114
26021
23873
33785
57887
21253
62871
6221
7434
51173
43079
55440
46392
28779
53080
25061
46531
40152
12227
44893
2752
27777
16955
30827
24886
31626
63296
12802
58899
31334
49414
25763
64384
30700
50687
36605
38908
11448
63447
45066
47813
14090
23139
24387
43488
60316
41607
33322
64876
43890
2009
28391
58568
48823
36339
31267
8240
41460
6965
2202
31607
52676
53330
32908
62713
65095
29830
19665
37734
55115
27411
39184
62780
38153
63479
45957
33979
50434
42554
48306
43543
39139
20623
52650
62869
57492
23329
41245
8821
36300
9606
57821
62006
42396
613
65448
7287
44990
8551
60620
30326
40092
63091
17142
42467
44706
21976
55337
7190
26065
4275
10039
44251
57838
17997
4217
19340
61482
8707
38798
62220
39880
5044
36237
40214
12034
7649
44490
36132
32034
62081
58896
9456
596
55326
47714
23849
47149
11360
20886
56674
62792
50570
64385
19003
46072
30545
57113
14061
63482
22466
17378
41887
12427
12389
25207
17693
15383
20559
61804
6898
42915
59540
35980
28203
37419
24219
22330
4147
32107
21210
49572
39243
17874
12458
45805
63225
35345
53313
20241
8716
17662
56511
42656
1345
357
5161
14006
39838
12870
3580
33835
15777
27347
3446
40381
5728
44980
39010
42937
28866
61401
57393
34919
13168
30699
42864
15235
23457
10034
64087
15590
5134
19421
45723
28695
31700
50962
54850
58910
43539
43484
53812
21286
57893
1158
10127
9662
42553
28567
58520
333
43038
29699
27656
23906
33999
25873
41299
35442
64450
15029
38943
8389
30112
19683
21184
47272
38374
25875
37490
51747
56467
10537
33170
11576
39025
49912
58412
2431
43248
40726
20715
6435
25193
50796
27059
33843
19744
24712
3791
38331
45383
63408
53747
59995
22056
28773
34986
40268
46354
7699
31431
8810
59552
39958
10719
36325
29718
61716
10601
53317
16553
61719
5944
1521
29176
57052
2862
24530
11872
45824
25537
15332
51086
36178
17084
17288
62394
45237
55762
48075
30417
24647
4402
56344
53707
51626
16393
1651
22891
34597
32291
55772
40061
62437
25325
28922
64509
22394
5112
17687
16913
1302
187
36412
30949
14510
11661
59850
1724
31016
57817
57949
14557
12078
26314
1735
46712
55116
864
25226
19215
26569
6720
2660
58226
4753
62430
18668
6526
64246
25538
47404
42307
36386
48501
54781
11405
7141
30239
14676
52720
16498
4755
11285
49989
61273
15938
19506
28002
48253
27547
27660
13990
7244
16225
27039
40093
20313
51476
29642
9383
54919
212
43703
46483
41795
31800
42338
19154
50999
12217
35290
64641
31631
19634
9358
30641
33663
42230
51774
32865
39875
17926
45784
59579
27166
26163
17797
17343
61871
7653
43195
60332
46254
3665
28549
65174
12365
38438
7112
57441
39750
35288
63224
39373
65219
42173
4696
6519
39596
26316
1549
17230
16177
44759
38107
40443
17178
13166
16658
1988
35966
4112
25187
38499
23618
54422
56968
25721
12383
24148
38775
40761
53690
56854
10264
61542
46783
6342
36214
45837
10756
64484
57342
50323
21368
59826
44298
30546
65461
54710
13934
43465
58898
60909
57313
57227
5724
50725
64179
58489
5134
1004
34414
45795
64309
14796
38845
17251
32655
43379
14948
10428
29451
43234
57005
15650
12174
50476
39181
50233
7118
54458
51040
47267
14484
39726
16938
21244
38405
8706
11247
7861
21610
4698
44279
35274
63659
21685
21156
27894
47986
34614
42306
26047
32915
727
22404
24992
60997
59463
43449
63342
27127
27364
33247
24458
20108
25313
7743
53988
16640
49696
55163
924
3616
58424
41156
39936
6444
17473
2207
16338
33632
50325
34319
49548
53163
60130
33771
24568
62978
52251
5919
5005
24392
42280
36220
54562
61751
29060
51251
27955
35430
12393
47049
3039
46035
32756
38142
61326
58162
59258
16348
488
54275
4489
9620
58389
13570
27435
50380
12006
24061
28734
38494
58559
48326
48255
1617
23153
53932
36641
55037
35522
27563
13433
53223
20267
47237
26874
7818
49783
19363
60451
30350
40068
33286
8556
38209
54443
14199
38516
41203
19605
6394
18949
16812
30264
57747
34810
57831
2397
38588
24053
15548
25391
65024
21837
43800
18111
234
10707
50941
7225
5647
58767
60940
6094
36100
19838
7607
28657
60907
22654
36542
7757
63943
37261
51593
56311
54680
20711
7302
24684
64730
20004
9324
28530
38499
36945
32885
12944
15582
25743
37594
15922
25931
51567
62173
39195
32092
19767
20498
63573
13810
42432
13337
25420
12217
36216
36012
19106
57481
11087
31183
17849
46479
1986
3053
28800
61001
55292
9813
25890
45525
2179
1754
15243
4960
38531
64894
61423
14018
18883
63903
63172
53457
6216
11408
2231
48611
25448
6710
65410
34424
38337
7248
46739
32799
12420
15091
44397
47580
5432
22682
62045
38111
30823
6298
14234
19971
59221
5545
65486
52480
11422
32533
12744
24044
26046
38270
49591
64607
3370
12667
37533
11044
38776
28386
11068
18840
64215
42965
22100
22186
31424
6150
19333
60049
64392
56844
43931
40137
47735
34993
50305
331
41516
780
12470
34550
53119
774
25221
43751
60622
25078
36749
16843
9681
19955
49982
18919
23774
51403
44859
30315
35071
13474
20913
11586
20463
13866
51464
35586
37931
58710
33133
45303
14209
48312
12320
53194
34604
49879
39035
16718
45655
1223
14323
45259
47905
9421
60405
62425
37272
40273
39425
60741
8280
46621
32316
33425
44500
47809
49275
2256
9644
30523
24320
7376
61024
21779
55209
16524
48338
29153
56332
54810
19704
25460
55833
20582
36234
3775
59787
43003
48960
13714
20284
3404
18718
43666
8902
51491
63908
34070
44123
8421
46160
33150
10222
36562
7491
7206
30822
13130
51837
54345
22368
17946
633
24089
14967
57272
63940
31444
20320
39742
49819
5767
48428
54275
15577
18248
64578
27149
6590
25207
42542
5706
39874
18601
9718
7512
38796
36424
21900
17065
48431
33556
22465
54005
11761
25397
11194
16812
56875
55192
50700
10537
18255
2138
17165
52693
56695
55224
18011
27914
2217
11713
64109
59468
1745
51023
53767
39579
30442
50991
48485
48965
29184
42819
30707
1982
18586
16713
60331
17971
25491
37173
52143
38760
36445
62304
11264
46930
26627
15456
35278
28324
19247
27282
18694
54215
34550
9235
45906
4489
44833
59740
62948
17393
60975
38075
23248
9615
53452
21715
22892
48000
27470
20925
53924
63666
21125
7674
41828
40374
46981
58094
33497
37086
36553
23170
12618
51740
17675
55661
50653
52098
1923
54266
64146
7846
4560
38162
12015
46142
25098
60003
55183
23317
8373
24133
7262
42926
42417
16492
13840
56158
54832
23869
9399
42145
14720
56260
870
15393
54510
38267
40110
41451
57697
61772
24550
59032
30933
12155
31041
21673
14683
11847
14356
20622
12881
33314
11365
61226
34404
9125
19547
38552
34518
5377
16349
25504
43899
50240
37258
41421
57820
30918
55228
46059
31455
440
53514
29495
56696
39894
3286
37131
36763
18525
42393
45965
29381
42553
45145
19640
44248
15675
23574
43139
2041
36511
11235
28614
3706
50706
340
50117
28202
9982
12968
51376
7127
26248
30819
15773
57502
12951
28924
49470
15721
21031
11587
45410
33497
18033
10039
41514
37990
2403
34094
56832
2732
16649
57994
26761
18071
37667
64391
17951
30833
46235
43812
34608
16972
41408
29902
8046
31354
13586
11257
18390
23253
62917
36620
63351
21506
6483
41738
21198
1088
11277
33478
59195
4499
16583
10326
12347
41779
61329
1701
37693
16136
46890
15148
50299
61003
59578
61914
7329
20393
35214
47909
11060
6123
59484
63224
44085
50519
40296
23404
34768
38401
48351
8598
60214
17556
38843
6225
28777
52796
9645
52474
54553
45354
34863
44345
60264
48180
33474
45277
38613
21909
16417
34074
48402
42145
12541
4369
32258
21208
59302
17200
43141
38999
45945
55764
39404
36828
53583
58187
507
57191
63688
20406
57712
45982
52205
31030
26515
25302
4633
43746
15979
61582
54204
28514
60686
22441
19992
23640
34472
2189
55792
23100
5979
13297
9165
24154
31349
27280
52763
56733
3804
22820
28903
13015
2058
33305
6291
31938
42293
17890
9231
11342
4834
50879
33840
36671
44674
32647
24673
40249
472
6261
61218
57184
21977
7165
30235
5882
44753
46428
5551
33573
26113
23390
44631
22258
52990
33426
3091
25440
11283
7579
55649
48657
52961
20576
60823
41509
61461
55686
59428
33403
16971
32513
12991
51299
42358
53030
16997
35700
61323
29906
44195
28151
18313
55333
7817
25165
5088
14414
46693
55064
63440
7590
54978
21053
20276
43148
43821
36619
48948
889
694
5526
34675
14647
58042
23328
59872
53462
39907
35107
58574
60453
56101
47300
30785
64689
63656
14481
20837
11017
43704
18076
13942
38390
29482
3086
61162
17691
14496
28532
11421
31157
40931
15731
32148
22767
18226
46182
60863
1511
28785
56448
41625
5613
29549
16219
16986
18934
46074
10601
17978
55234
30640
15433
20393
63087
4239
31261
63844
26502
43116
57515
39687
28292
13838
41031
64158
37486
35245
20623
20445
48749
17965
29211
30165
8632
332
33847
60927
50798
10976
55532
18569
29642
64109
27466
39237
9270
26282
17394
7350
40578
33374
57694
55900
13204
20513
34325
32682
35164
41816
55181
14655
59441
62747
10159
54517
38619
1055
10862
16468
17378
56132
2278
56519
23051
63906
42147
21221
4509
50564
40318
9096
49858
52532
16873
36578
24700
51757
5415
37449
26897
19904
1428
30165
12926
48493
1571
15170
43736
6406
16056
45667
59539
50133
61424
37618
27673
39839
14698
59486
56285
41959
14029
19306
16105
38098
37545
29151
57787
37015
894
24309
25765
27578
52051
34324
63261
34973
54222
50089
14266
12911
53669
24213
310
38050
42069
1622
9743
4676
7324
49635
50715
37802
15261
34117
24121
59570
10990
43719
16330
41775
48034
31217
906
57972
52317
64128
13389
20677
58512
18162
28669
41811
49460
13661
30371
63391
50035
35315
13634
53542
65431
25869
30905
55757
37303
24046
56992
50039
36346
26113
10235
4109
32690
47521
62968
56057
26251
38460
32446
43552
46013
6138
38741
15319
52479
52847
9406
13020
36433
14595
6613
38971
51863
58295
44918
2842
4895
44805
41130
45779
44338
35713
1197
49636
37006
25686
34099
56803
5653
56381
23501
24673
28583
56943
4286
6581
4040
3532
19397
10193
48892
46494
52337
47783
15361
57223
19953
302
38029
5344
5570
164
3929
35213
48507
2095
54448
35931
58420
55324
39640
4407
36273
38800
3392
711
27645
9649
12507
29335
23240
20719
27768
47118
10500
64198
47230
32741
41885
10107
27279
65287
41573
51907
28251
38386
54210
37392
53238
63570
14724
64329
23953
35383
37188
39966
30387
47813
50761
17863
6422
35688
51402
33721
7475
40201
9419
30187
32702
5041
20802
23121
52639
48206
64665
11966
40433
33786
42294
58717
58008
11663
64867
23715
8584
21780
19807
39896
62910
6045
40362
27229
12987
25640
45348
865
63013
65423
18925
949
29659
47861
53150
36799
20153
27314
57491
22174
37300
45082
61615
21112
32892
14670
25941
47700
23033
31099
42281
51563
34401
52180
38198
49752
7830
24297
37068
33364
41568
48085
44063
15072
35629
30644
38275
32655
62347
19160
19405
10240
8026
10101
9931
3525
6167
52768
20990
18453
54336
32856
6376
235
23129
13061
31177
47528
51853
9119
39892
1864
4664
42454
61977
38101
31789
2736
21331
32872
31214
21832
56063
563
59963
34450
53827
40491
55776
5143
40066
39665
64408
15782
58518
6944
9805
6044
60439
25285
9997
1285
25913
32637
16479
6506
53870
26164
1057
25589
43291
29130
63307
41216
58270
55243
3969
57768
38267
57553
49953
38988
20082
36298
37338
9500
54006
41186
680
11999
8448
20224
16822
53910
60909
39936
10563
64394
63711
55306
25801
25802
33387
29317
21241
55646
3613
760
57880
34478
7971
140
29396
50302
61729
40072
50006
4135
11647
25363
22100
23373
11056
13022
21193
48220
43652
47503
19637
17598
35297
50753
52739
62613
40070
21094
50440
42346
35916
5370
23974
1644
55110
38772
24635
4609
35682
31956
27180
47754
50145
48283
31027
30699
6517
