-1882470764
-1175750550
1495923606
-363614695
26313293
-1742364471
-549509384
-2081520470
-175899507
-106733106
728322180
-1453586254
1361173914
-2024422226
-1282754206
-908415555
1096517083
318260028
-1827908229
1416695198
1451902384
-1787806707
1023210396
133024446
738742523
-306688672
-145780167
84836057
-1487506320
-947590239
2052069331
1443301765
283741067
1471137817
59622745
1781636238
-680643142
-398086803
1215130632
-1496880768
-342573283
-1844129561
-652422957
33621616
-1888434441
1232451556
-474843966
-1161504404
4610458
-1278180318
1125932795
1945429304
1451187210
960819358
-282689633
-549468683
2053364609
-1213544679
-91869272
-491960422
-997499804
1444645855
-1275817213
-1411205005
716872645
-1694262904
2138306060
286285812
-1516774990
-995394682
-1439920700
-743601153
-638085619
622143077
-2005643771
10241055
1314734589
2121172045
1409829802
416635803
1777198359
-1321322279
-1880839780
-1610351001
-1304184471
-1052369659
-1820582162
1983404003
1372620577
-955777389
-24100546
-1066923675
-1792880480
-101926696
1707002314
764332632
1757759458
1930811784
613696257
-706859266
-1574774497
-1820317891
1527320912
1717081321
659831278
-894235486
420511638
2113167455
656547132
-1965140032
-696240866
-1119717924
-1635317909
537460885
-689695746
553846261
497513351
-1006202807
-847156492
1900080205
1105917333
894492385
284204817
-482007285
1492641428
1457794343
2123220466
-695246112
-671708748
-325250315
1635946309
-867461960
1936840342
1360827212
1193685890
2145777066
849002559
580491787
1413576762
1951091416
-1252732022
-1947021352
871776007
-508281382
1991294169
-1176851562
1452041765
1487920295
-64749036
-195683997
-984562059
-1727732057
560402810
773620661
236291151
1502667018
-2131485109
-1026657508
-1919128380
-2087670981
1848888895
-632871006
1819398941
1544916255
320819313
-1011930091
575648355
875556673
-187444107
1976167240
733457644
944539360
1798768609
1698394718
1946872984
602970763
102848837
-1138991331
-1895037057
-1780943148
-1263116753
-682578253
2065402784
-999465407
1903607163
-44543905
-1414431672
-369435148
83938298
-330080921
1799886999
-535355451
879035623
-899904341
-193976138
-473390735
-437301308
1520139113
-50115007
1577159181
846399954
315259418
940087498
-778350742
111005427
-1382747675
1955247953
-1396897813
971359842
-1379327450
-829459997
1315000097
-1564449621
-1986690308
-371474887
1288808409
-810177358
-882820023
414365207
-724161627
237186493
-1952043794
1599974413
367857133
-1635725782
895365931
835229424
672745789
1792375609
1288723632
1969434676
1267386608
-491170988
1083509355
1909202720
1463804070
1201561427
1559808294
717066196
-1836263563
-1665055360
-680530657
-1613311073
-979075008
2133946376
964171523
-74129367
1462188054
268354646
-78145818
1749448970
1334525637
-1948353444
1518357965
1614447147
963698751
1320770386
-1278247526
1766494373
-571533130
1811598435
1942107163
-1550516116
2003871889
804093147
-1838408711
-1138647115
1582581062
381378691
16789121
-1878450767
437494391
-1258610804
950078352
-1121561398
-586544999
-717574425
-89356041
694977940
-1934148010
-500103561
1482972363
-171009101
-119221020
-1096082683
-1380162324
-2105563604
817396581
-1912315814
1052965838
-595276573
1700570017
229816245
-1184984469
1707988922
-1138004358
-2106910191
-1473426627
206435373
-1019543750
326099843
1458793940
1771819175
-11656177
513491675
-510264241
-1659167787
-1963224901
-506222234
186589652
-961369873
-1496460109
125087204
1364357310
-1110667754
-1003217271
1325758378
637604581
798414932
614880285
524190276
-45605228
1436255256
1550631002
725354204
2085769932
1087707194
-174555736
1645009950
153063509
1881330286
533472376
1398349768
2127868486
-749098703
1425346081
-1009973064
-739018900
2053662392
-1260371739
-1533073192
2036327625
-1503663619
1505734464
-1130708444
-1320897495
-764764994
-1993340249
23599359
716494761
1291412216
1963519294
840089273
-967744296
-244244113
1432755926
1019323213
-1470956495
-1307670945
-362810374
-1512581844
863471774
-30983198
1979559600
-1747271778
1777854739
-950961616
587331893
1855273859
-77218794
1524460355
226097177
48173902
-1669927428
-1201041656
-1567514601
-1914613407
1128268919
-269904250
-1857098569
1940910582
1390189429
1486832124
-2014145830
-77964134
1192822834
1317746821
1634253094
-1720436941
-499660505
808993923
700308442
-818455430
1362552612
648754386
432736295
-678293739
-949884912
1718443739
1535171201
-257949079
1220979120
-606737085
1994246394
1400720372
1304192260
-994155017
296429957
1984329838
1309874174
-1089133550
1339858804
71331084
2014487710
906275691
1818904207
1438790637
-2015211112
-35959856
-1240923077
533709510
-496816880
312183944
-1984575549
1471980307
1205503443
-2012305863
-812931380
32463359
-844880244
1263659209
-36462554
1563647674
1289640030
771943481
-1341976522
458744498
-394036998
-1545246012
-1752579181
-116206562
-1562633379
-1279501389
244193759
-656342552
-168460232
100295063
109516661
-693693623
71654901
-2108498481
-1968267498
896986858
-1057139900
-792296635
178536171
-2062571257
-240728503
-1075548268
-422258485
-1915865731
1131126464
-436150046
1830241190
413889272
-252469499
827814864
1459300797
-793235890
-285378331
-1471319309
-223998517
-1798434945
1569970694
-1240422284
-1369398733
-546411783
1957065810
-1828542976
1430477803
722959174
355722428
1850370008
590778450
1477793353
-400907693
-1831975613
-2130827748
-339241545
-1427801283
-1742710820
1363691688
-423924010
2122974644
-916497990
-1403025995
-1623540626
1049290000
495726959
-1008847901
791242845
613029586
1282269392
80164745
-779061329
-1691810602
62148163
-630951268
2081586958
496170215
601833147
890919839
-521487570
659704515
1876612371
-1279892487
301231311
-1541571912
1670231858
-1770872111
167576203
1138494249
1394619346
1250362324
-1646076675
49286128
1202540680
-1750426296
-1888184146
-1025413111
-65060424
-1467230307
-2130408849
1031519886
1148446258
-1646499792
-1438429279
-1967413135
1982582302
-1792678154
-1928613376
1180622357
919473972
1997388181
1777217651
2051210637
-894097904
-520711339
-2022323888
-1160490171
-457615031
1603443897
797564923
-2097781373
-1739814923
1605047651
-277353120
213979357
416978027
-556556378
-1486218525
707405639
401346923
-1855608383
-1636840359
510661481
499869144
209415326
1906442606
-1143591450
-103735911
-740639286
-2029985261
1806826554
-5811568
-35547821
-1451751228
-385812705
-739901772
-2089258615
666869565
539124504
-1678778708
-1088336123
616173325
-1095618276
1948963443
1630544961
-550559470
-164070644
1520440150
233552937
-268437285
361246207
-1062289111
-1359943292
1557576768
687133256
-1109071437
-2082571576
-1848000001
-1288149261
-1220792260
45132133
1418985130
-1909363855
1088534550
366604254
980667602
459291501
676880309
-229329227
-1448096313
36827447
10176100
-14680703
-386456536
-693898686
276998150
938877590
695512267
221804305
642330821
1309759247
664250988
1794563603
-1749551165
1304891693
592680316
-1358380954
-1500079488
1177417494
-796490727
-1688352096
2126245690
898693362
769491312
-1462247829
133927512
1006320685
1191634970
691088691
-4252686
743637248
248766069
2113871176
558587968
-547203560
-1980887692
913964940
-522418476
883743813
78986593
853682344
412928322
-1433012039
247301171
-1773370214
-2002026759
1864133185
-1136253041
1055762050
-487814955
-1474943529
-252109739
1023004160
875200842
-775764865
-1795334912
1780586250
1500444608
724586777
1372921234
234134723
1231956269
153601315
1270620332
-367202185
-37390511
-1343533439
576837395
830604953
1140129639
-301039187
336921673
-1143039572
242384430
1308418125
316133442
346065387
112269463
1337297556
-704308498
951027328
731216165
-1821366323
-387812421
1734964022
552867651
-2094567815
854338811
1513526313
1844871368
-1935419204
22778799
1951676142
1664897486
1663380159
-1021865313
24483846
1075942625
-859811946
-1879515701
-505396667
-368932715
1044477803
-1379605459
-311546979
1274320659
782739192
28728532
-140923056
655551202
587116052
1214753797
-1159517516
-267202266
-488673283
-175150755
562803648
-764447438
640395378
-74753147
-2028038145
754554420
-1656868119
1718533850
-1644416048
1789088418
-733486917
-1510380851
-1472385760
37425876
2118617437
-1237872671
1700349720
808559973
126428235
-1689333365
-230112544
1721173752
-549685401
13167383
759872938
-598264606
2058768507
-226457059
634094433
-343878657
-1505217287
993427211
-1073137351
-1642482780
-440518927
-1594253965
1294247328
-795166590
754541263
908327162
-1904301038
416900646
2128825982
792408609
70583904
-576581446
-578556171
-1859926936
1702108950
1110161888
2042415309
-1375743201
-1066456155
-558108607
1052409610
1379853115
-782780671
186693150
362243278
1375898290
-54386799
428501599
-79985499
1467950078
2067225198
505098431
-550684654
-1908276158
-1836593592
-1671963950
1958524563
1810612385
-661933748
-2125624535
1224427941
1162100020
-2138474148
1142465404
-1636139754
169077529
-192834964
-199471473
578570081
-866672036
1603791102
-1709429725
-688058544
1244726800
-2048375087
-649755389
-10313942
-1600048421
-1103572219
-1922778194
-961438537
94640897
-1032890244
1763142069
-1874876827
-403685759
1318021033
1121787420
-1315384724
1641185571
1010177539
1624723585
-1748881350
94824656
-2025551979
732599989
1661617409
548371096
2040658366
1800742546
-428761645
-676604733
1659226299
1138772753
-830570164
-972011547
-1050103419
-741447572
1792305402
-2094368785
1535970171
-2123653434
-1268680243
-90792721
-483590521
1636149569
-1310288357
857705404
-1157188255
-1593047817
1066473659
-445332184
847194309
-1886456659
-1716184748
1896716187
1232496678
-1967636772
1193489108
-1506474454
-1079766346
-1786987572
468913766
658157354
-746918289
367087278
1842265665
1166402949
603889441
1741229384
-700315317
-1454929939
-1160498389
-1550486907
1043800522
1167720302
670657678
-1595945211
951722202
399251108
-1076386075
134692023
1115479417
2044373089
1469602869
-909314110
861787629
-1232602063
916136183
548027709
-1839382496
1658787559
-2135815316
76416118
651511209
2142349149
1066465966
-1115354269
-43300037
1574245080
41578573
26363620
1099598521
-1784612171
-347220788
-281780724
-606960610
-672382901
-10932416
-580243791
-1149889093
143314170
557594456
-307701635
-55372325
-57911534
-2113211145
1433343629
2076824651
-426757537
1805086597
410618600
655099020
2050788385
-269052186
-1763627044
1152233634
-1678006223
-1705135846
538625582
278645119
1975217355
1221853924
-1380344353
1417571183
1300301427
1823770757
1775007862
-1183516849
964741093
-1385206397
-36770699
-1402683608
984596272
343987130
-111257823
-1247792733
-1673308960
-627073220
-1250862252
180648143
203049
-1947515124
-747940825
2128199501
-1346798339
-1297259549
-701859142
832613142
951036590
-1574156159
-1473221989
-144348266
-2065239644
401485238
-1872486218
-1275004910
-1111303206
1422882474
1554846018
1599258188
-511164272
-1529565290
-966757987
779693932
1788110560
2080735896
-769417556
-1661858846
-1035435115
-1287342394
901332405
-1585979942
1591207176
-971108137
1148869896
1623702674
1600374383
477735794
925916258
-782547016
-1663581354
1150306147
2017136118
-1386469800
-556474895
1345138615
1203026366
408581596
840157900
798510975
-1537413850
-1543923298
-1704013177
1422814971
-724113283
-779626959
1478105864
-56480008
-372806696
1895830770
477032562
1030072204
-470087516
-544669787
-763206286
1461810583
1246909297
-1274168560
1782898002
-613776958
-69852420
1110231576
341758870
64605634
-470410103
-1819511059
-1570692358
974690289
-1991764632
577999834
1398905271
-1434681069
795796791
-436367173
-882594560
-879762295
-2103636309
-814796488
-577500112
-1106292364
-751293043
-528030169
1005974090
-130019545
-1732141336
730880064
1023694571
824756384
1890915286
1430669324
810732325
-2140548373
324377697
-1394362781
-1946173566
42451355
1108402152
-707286427
-1032609115
481330145
205092618
1542031817
-2091750282
-157306165
-1822716559
831609642
1165733023
-1802468658
434744025
-1775282161
1450643548
359159042
-183965992
-952505067
2126723532
1192543219
2007589181
1019032355
399114700
2132117938
-2060558781
1759614406
-489543241
322171663
-1236204899
1867534946
1882810668
1056060678
1705294446
1564559797
-2080857090
-501326348
1392848181
-174688089
407693479
487218944
-941283597
-1471741554
-661659009
-1254625394
1886057961
-816305566
1642373323
-1245501708
-1663556774
801324407
-1352860898
180364800
1820411653
1111184018
2020287537
1630904720
2072670340
-146825862
839038431
-434961852
2053536108
-1056567660
1688406889
-75537179
2011983563
-973187059
-1896049986
-1745125426
750307468
-136907320
-1341540146
-1161478448
923444735
1516467263
1598248169
-1444931404
-342120257
-1568251501
-2111150918
-43308151
-1418631829
131676958
1860656639
-456671760
-1095343348
-1913470317
2049140245
540044420
-1577885201
456512494
144339616
2071382952
-842821088
-799981925
-2138284240
-185015664
-28943949
1954973418
1288802423
-1822069265
-682953409
1796382311
-1727028957
-180627643
-1794610212
-134859797
-1283128033
-2068092328
-989763242
-1506159780
-1129223157
-1441364499
-1729928576
1351536740
-844531937
-174818725
-527215766
1528902928
-1591917649
578086720
-1915987068
629574146
-505661240
-231390833
-1516535805
40198819
-5807357
477594321
-1346526195
560437521
-322221993
1987468325
-1667486717
-160249951
1123458097
-1511837323
-1365155940
1440227140
-668436789
471210640
1708232618
280224754
657938918
-1394949883
-504536407
1179455501
276389312
1267499206
-265705343
570639924
-1752286265
-217358340
-1681389853
330600861
-1920136595
-1659507677
788692622
501301896
-1379275927
-1927041167
2099406011
-226427603
-435209122
619752860
39075978
-669150244
-1168006855
1562971320
-1205031582
744534611
1368792768
-580814413
-179882483
-980831307
-75456626
1245377508
-1275630552
2001830238
-552047167
921549957
-134646741
1472368900
1138926847
-1549861594
814428779
811928023
1651992176
1159551137
1008161556
1347347034
-244600412
452115174
-1482511461
-392949312
-1936992992
1848335865
-1842678130
1587192676
1463427170
271811519
2104149244
1390033623
-1046236380
-1723166961
1171425671
816499100
-1293076080
-151515840
-1978610583
-801080126
1326538231
571244064
1157514035
-591511778
-1499499259
88157558
23404948
338228309
917942545
-1684166027
843450379
234651864
-2077526598
1033991832
1792223756
225854227
-1648553661
375425743
-1347153976
-1738389367
-1481051045
1891746852
-271029576
-533668949
-2006490880
863003519
2011876202
-1485814341
998475367
1537293659
657626136
-95020634
1021697161
336477892
1272807120
-1298471763
1880545263
2077523595
-955160576
-700361297
-434243889
-1441593421
-1445187887
-768347930
1395023377
-500885734
75944029
663698484
633240296
-1506226615
1872150971
-459833464
21842052
-1474442809
1946327640
1812492965
1566738957
-2066833606
1695650406
-1588408666
-1972250180
-71177100
984987121
-1742837280
549794343
1973428503
1289988963
1388322423
-1196991274
-1780116988
1695774004
-1838040792
-903725564
-594385761
690606922
-2121169151
758671250
-1737437204
-1023952782
-466876246
159354555
-1460655936
-1625961246
1357618539
421749606
1651066517
-965999680
1773356694
-2077061174
1293948801
1619501074
248494703
-1782942693
-1320729370
-139482684
-772621865
-363181767
1445483343
1885680666
-2002111886
-1655990509
-1257148246
504579415
2059860486
577406031
-392187611
-1676308375
702533911
-1914391240
1947587335
-250356109
694801264
-800789191
1084823369
-250183955
389584627
99706869
1912106675
-556019754
187596219
1607585306
778050682
-1291865039
1673581886
1004826777
-947006526
-1923998307
1119653915
1132985962
-205929740
-1330311041
-640555823
-1144347499
1993436580
1615257148
288546036
-602443191
-775262704
-911624212
1074362324
108217571
1500188700
-2027652307
2116243398
-639948403
-1669520960
-203144004
1659736549
1895463408
-67342234
1467627502
335015094
1159158439
1108404285
85361729
12318731
-1908693674
2028250293
950955330
764223823
-372670947
112984861
2032694061
-505928360
-497221250
953993991
791541554
1724499947
113758012
-1233642178
-682919657
56645416
1653238081
1259268120
1741223630
440412841
174331630
-479125700
311541580
-203565825
1223434736
427703727
-84594674
1673667272
-1188338022
-1522347885
-1910408924
-1116444571
-704887204
747468235
467999950
1981770448
961818457
-839952351
1081246833
311675192
739594487
-1018931709
-279390911
1044511282
1278325995
1835120001
-1132695712
1805323839
1812756277
916876002
474798716
1063326741
1772025305
-1667457165
1331219439
-921471574
1942588981
614931677
-695839251
13909699
-1430862223
-1248674485
-1555926219
2084053881
-1520312035
1255313253
-952746197
800655614
-1982190361
-58689776
2072992924
1286747016
613335430
2008100761
-2088858099
-1527359534
-901896872
-2141099131
-1681719851
1174786390
-1294458708
-390427537
1780372250
1714631671
1166331377
1136581510
-240198600
501573844
-1464121455
-341068595
-1263654552
240209161
1871008540
-23737272
810372282
-1775868991
466109300
-530547703
-1689925434
-1982352339
-151523346
-1714655826
-20802457
-1531112072
307771607
427231450
-1700032684
1724679297
101567542
1129192738
1060187072
-1361660015
-1797623222
-1644502310
1125812574
862871131
1091747300
130295014
-1937899564
269482992
1650662895
-1771908748
1547839194
-728381332
-561564827
1685652084
811529524
1582586983
-1753824229
-1623648591
-776388496
-569033417
672666083
-261795747
-1228979856
415631143
-1921651777
-1291025190
704915535
-68961076
-536995858
-997023714
1400368945
-374232339
-1391861123
2001841647
-4959388
-709518263
913219887
-1446458128
-435083110
-303279285
-538903937
-544561998
375166258
-970699097
-88980914
-461851244
336484294
65830207
-2039605801
-1293766400
-80470538
969664320
-1749238409
1130584617
2140060737
-1452078298
979658905
683428881
1930094879
-1461609856
-559090531
1025658073
797852077
-986991875
-1727204732
-1002926279
466496309
-726033620
-950058409
-1197260622
949270853
-1691492684
1110070081
1392276892
-1778075292
570564187
737130240
515206099
1416276509
307894153
-1393101963
-1983276471
-123059734
1421152111
1386481238
1828078877
-1150163187
-2026488734
-1522405050
1707043685
-2137872520
47653013
1468267869
1637867758
-297466367
-398004973
-1447503443
-143815296
1777816946
1793350706
-2116098277
1602884834
1317803534
1658949219
507466230
-756817914
1090560926
-1038109919
-679825022
60611034
237000451
-466105178
-1597801709
-1677756024
422369001
1145113209
144673232
1070722761
-2090887464
-996860044
-2045852994
-1047804358
-810918289
-354346755
-2081745281
1610065995
-167661791
-870673055
387924629
328021063
1598553067
-1524126927
-1921274658
-719198383
-248068753
1904495683
-936207792
1832038096
-1973009354
812199945
-1211554189
199178327
-1278051864
2146709914
-1795329823
-275936592
-483265412
-411455583
1071391289
32022863
-738053049
294190838
630467008
-468438917
889338619
1797967768
-993285668
786840511
1576877343
1883094017
-1772199381
-457281507
-1127869428
-1132521378
105972292
1517335825
-760519384
-1893656928
-688083367
-1966976956
1806381618
880342936
-806974164
1328238859
-1199272763
1761215731
512389913
-1032417678
1269012653
-333305980
1989024578
-1669085124
-2113559367
560761305
-1790933880
-727029479
930545014
-1770778090
-1594692632
1284871630
419089474
1241882822
1101818493
1983383764
-510478471
-2013691767
-504975264
157142168
-1766085669
1576315761
1018992801
1664025442
-33583672
1431130499
-1424471807
1186967071
15372740
701705888
-956537905
473491318
370093042
-443661275
-301212021
399390716
-1929107186
1300098851
498531520
1878051189
-303404297
1484646274
-1900149426
508397128
-104456685
-1853044786
-913804173
-604571414
-711468676
1357325487
478594540
1617722074
-52850232
1310970479
611052288
1869752094
-1771926157
-1873744407
-2139831541
848325775
1021212409
1687111342
-1831211838
1043470455
1699388108
-915512580
-220404525
-1726284249
2103205748
1295487768
1343401349
-128692219
905055969
-1514141459
874088557
1665943263
800669747
-1921507755
-1934858004
1252157208
-527946231
726632927
2043592791
1169771657
-1248938782
130179248
200132311
1887448197
-297222246
-671342418
643150221
1696736287
-1311425649
142862391
114966234
998957910
325072113
-1769811682
-42078661
-269582053
918708629
1237530855
-107082599
-154982136
-791601961
407392306
747623390
146213151
-1109209882
1667796592
439798156
-8308466
-2038937754
-1782514287
475008056
-1231893785
-2145450913
814001402
989043769
-1385387917
-1176780623
356009675
1486495359
-228799659
-1797329644
2020042543
412778500
932841105
1308827929
-413911501
363448065
-3324420
-855658672
748590664
2132062364
835201310
1575744505
1706956834
-1786910496
-1045010529
-60896356
220914368
830135522
-1835239084
723772998
-1753752867
1860299701
725398634
1234709399
-86605286
-1479208875
1448329053
1454010390
2059398880
403050444
1267018615
-359599514
-74984309
-569662446
-1415915811
-1664529566
-1166637505
-2001651733
-998209152
21734547
-1574173213
51146471
817261368
-2030701099
-813809596
50725438
1652893085
-1427713298
-322048029
1643545140
-1886582211
1103852469
634504703
1307775049
-1019338310
1239857241
1558060646
-926253128
-1355102717
1986696606
-1996555971
883055229
1370575886
759294489
1341082475
908720082
-922234111
-1962809271
-1809128766
-447385820
-2123562256
-1326020278
931190525
-1128831214
807444769
-808849035
-2027174749
-1026144550
-1736745235
1095638971
-1302944591
80166247
938679414
-1328876699
-1155470164
617470315
-336311462
-203927694
-1852294461
-1655669713
-1711232288
-314272794
542634270
-1239636952
2117868676
-2104418153
-1378646835
-1161795023
-1065703612
147903442
632030675
2000388354
1593847907
483439022
-295727907
1427287793
-676813186
1082931707
-1127129009
1910565446
-603217935
-702984716
1291347322
1668568692
-635920099
1348865316
-1920351745
247411978
-376796965
-1476748246
-1086323850
898786645
1329324746
223136204
1226744463
-1433250800
583451599
-920450781
-106733887
-2062138556
-1403359409
551910525
-1269869224
-2122449831
669957081
-1898824877
490936654
472280712
2019965371
860512851
-897798191
-733416001
1465889923
1176149180
41526988
1578708934
980883553
-541599147
-104604353
2060706433
1331732041
-1690432907
-1030022645
377991191
-1121176548
-738042315
1020902918
1195933016
-62843571
1779263182
431922713
1651985022
-1506977321
373947914
-1681798640
1219046377
636901118
492349030
-1752458293
-1907882340
1435218289
1118381582
-1121003788
-2095825500
1472278243
-755706098
770812199
1664436952
733629975
1101829491
-567648639
-677941615
-972326839
690600989
1196385869
140129968
1124909844
-841674135
-579403561
-675860231
1180361620
1829379377
145319245
767652301
-93569773
-397710942
114421221
-951148671
-771302269
-1701100745
1995018169
-953243609
-1117484243
-1085991702
1912599536
-1488807875
2012427933
129925789
1218046206
1095348847
-341162551
1177734777
1670597650
-1858807245
-877716640
-1754809809
-1906512881
-211869627
738203693
-1219394774
1745055363
1012972640
-1983022186
1856245716
1261402787
1787974018
1225122044
-741956910
-2030727068
605219203
-1286489159
294190976
-1356827185
-379849496
-169661810
1139907727
-298908486
-1799672733
1523611233
630174459
-791959332
1423099314
1500288834
-1149250441
1800294048
1371383985
-761025712
-122600734
1384461781
502971954
-1553767518
-1649014381
-1216045454
-487763618
-2099685131
-1864480172
-1899445075
1518450970
826934958
-904133557
1158387853
-647211517
-975386574
-880700036
126032333
-738611475
-91112637
514252147
298854718
-1793984817
787458913
-1271038609
1644829270
-362668788
-678497465
1528104861
548770156
1581564702
475934054
-1481766533
-1515154942
1080848477
907022596
-614590159
-701487571
1564285452
615993522
-1532950655
964713400
-607926085
57038167
1008795237
-722631381
-1787110934
-1666352126
-1578430172
-513785729
-246681558
1608930598
-426295114
2027240061
796591681
2034278794
1420346215
962280314
776434986
940836463
1351521890
844164395
-2111684180
744805477
-282504635
-2040263960
598015949
1281018349
-1768408806
-2032794595
352441240
1071461446
1671407358
-1418002298
-1002423863
-1853223779
-1580429686
-505724377
2026241568
-675538260
-1276488142
2061466880
28861627
-787879235
1932993891
-579343677
-1680449452
215411701
-1861556471
-1885678405
1214089938
-1516704101
-1282608258
1925501923
-1506207433
-1336327219
1287152113
-1395125205
1027263931
1544968063
-1467801643
133782919
-1902192962
736334296
1875272505
242873461
-971895257
22337651
-1010493309
1848235928
654188071
849917409
-928025992
467074544
1720170027
2019725988
1033744935
-526559401
848795787
1895582364
-1052887126
1030295960
1378304584
759377534
-1318964717
-2099679046
1181793880
657918061
-1574317391
-1805238427
157524310
-2060574113
-570431090
179084038
1091137181
-494292359
1753818889
1184302732
-1826456498
-75042682
1176472377
2020644159
-1264922953
-1423715616
-2026894125
1112299637
-1581240414
1959673464
527345247
2054797741
890361761
737728336
1205240837
1523939312
-171695114
-1895067759
-143206546
1409438634
424895933
-1559618190
1389228006
71349231
739048269
-2100985784
-415562999
294853781
1086778027
676725896
809223628
-1556937479
-275766005
111482068
-1824737948
1057528448
-1222021182
992745197
-998582357
-297084939
-390457869
-237395775
480307249
1336477793
-1987213367
-1155186825
724850519
401306950
-396618172
-151573673
-1405816472
-984162790
-1654143580
1533817833
-2016422291
-1778314647
-1126241904
563492184
-348826313
1150567164
-1749331503
407988730
1885919011
-834963489
632108181
-856039970
-719814638
-1322641947
-2010199885
-1388815307
-345527407
-1137484820
-2101191334
-1327679477
-1764420558
1435835995
1075931111
-2061887502
-1122898993
-1532952822
821892554
286356868
2114090385
1389917726
-408582870
1127239246
-1467668968
-1739160615
-1283899568
-640410202
-1712572122
-1881425404
-783371293
-481649892
33251946
-546893598
-121111774
1337317401
-512805724
-1281526091
-873660984
2033595785
1737708191
1658231255
303626681
-1428017848
1047240253
-259134438
-742653912
1868725305
-317847505
1470689532
1310193128
1549251351
-2035807176
143474311
-638609640
1513867722
391888086
871431327
600645723
1582994138
2054499263
1787850248
-837094221
-576954177
249310652
1495529161
1894194059
852951250
134871713
-2112263224
412329229
2093093927
-1523268005
1172443842
604979959
743322527
316861175
-960586252
-2077241332
-1891668061
-1367234430
2139550223
1616956414
-1657185669
30969648
410337067
-282981531
-547389071
1440290807
469599748
1981513399
385536254
-1362073598
-1252273854
363831028
-2094734963
1711342782
1532891662
-1370060890
1458731497
-822238164
-2104338341
202629010
1667269015
739493990
496748467
-647961933
-1106175495
-824153679
1348505999
-308926458
-1574663927
-267068844
-645559814
-400325131
-2105882726
1112216341
2130768439
851418914
-933042860
-1519008212
-819606855
1113934922
-1955348028
-276134856
1959899389
-1398586028
1844906863
1200154263
-668704134
512302867
1649252039
333489884
944658338
-1234905147
-686308226
-137411576
497430190
-691954199
1379713937
1328846368
-1467261532
-1423127268
-1895077377
-1087139721
58315334
45501908
362164948
-2022523512
959921271
-491147847
1528808087
-371197200
-791319993
-1679654652
-1994173246
-456272618
-333136784
-618387059
-1195121522
2017518696
-55556557
-123217076
949042291
1365604160
722018002
-1430768927
1184632117
913752595
-1779049561
1932146751
202295487
-286714914
1159407352
950019586
1869882305
748510479
2041876249
-1612545491
1030948768
2106840347
1492059136
1194456081
-1268390636
-306296142
99041660
1886435155
-595596414
-1567015178
367877674
1936539154
1062968029
1113181547
1240903097
-1275493101
694752351
1178239547
-675155367
2007993293
1011419976
1336463679
-160539126
277862689
2048750245
-110899567
1736816339
-1469296665
-525696046
-1694038602
1854129803
906907360
-1605970013
-90314877
-1838296085
-1985134383
1351538991
1339909957
-1100143043
1177401146
1914358885
1976926936
565760630
21773241
-2076781995
-302074162
-965874295
719356985
-655636375
1216983286
1942605270
-93556536
1800008342
-1723549089
607547577
1722391614
1139918006
481713868
-1635659287
-2107798502
-513963724
-631545687
865355631
1344373276
-2045455037
2141851493
-1990480677
-1554508342
-678662007
960455721
-399438064
-182821616
665792536
-722153652
-1764018993
69175917
711901051
1079231732
1138892003
-616333989
149335823
-590976968
1510669044
-106868282
-1532855019
1390779824
295522144
-981233187
-1652673089
596164748
-1027467823
-852262736
1105786957
-1897764835
1618729872
-903045362
354887510
-1840714792
1762722639
1304423548
93606714
1976926141
847145007
-1116927588
103012452
994177159
-1428708917
419864317
1052266364
-1302157473
-393031163
-1009489888
-269508249
-1829621709
1813614246
-1684111460
963238163
-396518461
-606302842
-1545168276
919437866
1265282125
1055479316
-1798167161
-1834406000
1910442040
-507835040
-1869185499
58588566
1593091071
1688544588
1807344387
-883775455
-2045537731
-149115741
-2002980912
-741473934
-1012355274
934924928
846170424
-777738101
1586821457
20366011
-1801301486
-1537954057
106333483
638559139
306473548
480029289
-1042087464
-971337982
-1817590322
1000183135
-2059100075
1580794089
-391022218
720232404
-1429787692
1070233705
-1557191579
-1147042756
2045819614
59418231
-495734631
-866322111
-92330948
877467856
1355079933
-460345015
1190268058
1878864348
-1554847796
-1053595706
895305075
1990404823
-140635191
-1015889627
-1980554678
893530130
-786064527
-6904221
1695325885
2025379745
-640877597
-1850253999
1575863801
-559982476
-1015657717
-1912976349
1711370556
670785079
269299706
2142397839
-1180636207
-168348755
-621240121
1720415102
-1774453131
2126364494
-1440783196
-1279473540
402255243
-1756014890
1003962566
-855719389
-831619698
616426037
853315928
-1907278305
956511725
433411302
-1740958443
-896125298
-474547592
-1351201774
186297291
320795903
-1358663782
-1599480790
-1294789958
-1389240033
-1954452445
78483547
-1042023302
-1869737510
1683345796
-2060258022
-572355214
370526859
-600036361
1540156600
1616979566
1873233284
-563182522
280910470
431303315
264809582
231504540
1271233019
668055603
-1090784674
-1247968166
-865046242
-1163492528
1006703442
-544850446
1307674876
19856684
-1802711799
350256032
365049280
10761635
257501607
-1987273954
-1116016129
137319620
-726668941
-1940210093
-466384118
-669249250
-1697145834
288839275
-1917813418
-1752206372
222309903
46616370
1811748171
632372578
819667883
1922508702
1523080082
1357871224
1819822595
-1207087375
688142862
-87737133
-1199739446
2145722275
-1550020002
662425562
1787772311
-16381979
-1570415764
-893199684
1851459626
-1779279728
-742292783
-1844453721
-805981827
-128877345
964959846
-79163456
1569771204
-1976079206
-1857821840
-1675787381
1991421827
-1161540416
-968322357
1170658982
420901659
-1956104836
-926283067
-2085004046
489912197
-1660370161
617298731
1978368754
2143183016
330388523
1363298668
1515270932
-845244112
-1135731008
-57109058
784255191
-1645144994
-2080799565
-1523217763
-446886506
-493360779
764384460
-43891051
1554207318
562568965
1427383580
1298058094
-1680321697
-172119312
396181329
-1649803276
1784500818
851130069
1680361939
-1323079210
56721076
-165394039
-7412501
1240260274
62224732
1943741654
-1158343526
-811723098
-1883322341
1320777152
1790043880
-527285964
1453203374
-1850457129
-1340472364
-256983360
1383627319
-2139374360
961416349
1700080793
-1168900168
1509483420
2038098864
-1524078622
-915728712
-2040477240
-875324063
-1791612115
-1034423348
513196747
1592304252
-1865672016
-2108444120
-1570755392
-1143697332
-1407275114
987804867
-1960020056
2008262642
-1786573069
2140075559
-208994694
1255701741
1271761969
671126876
526020743
661989415
650856235
231049453
404219839
-836781052
1375612249
1209375116
-734010654
-2141696455
417855829
15444745
1515798007
856008283
2043202501
-1180208099
-896722563
597615398
-1680611473
122205361
305673523
-1512718186
-233296299
-1798015139
2083340958
179351064
1397936715
-2140692246
2045624431
1430821292
-620857429
36928446
-365265811
-2037254867
-767390536
-1641387424
-639672610
337070317
-1669222947
-1695511547
-73969649
1034328835
-459982661
455126927
642630052
396148042
-334095814
1657064500
655207419
84272924
1698210013
2138922294
1079970416
426391150
-764571645
1714720598
69313770
1677035994
-1457871225
1909091207
-146131910
-1593822685
-476195972
-674570508
260152110
-509112504
-1787103185
-523179938
-1021283935
-1739835587
1316128450
-1916173121
-1848008438
622627368
-755622517
-1595820703
44568600
786361514
553702401
1325444798
1102463285
-761919075
-303249857
-1677749046
692282103
-74888004
-119630824
-670440413
1690901075
1690990806
-2106890972
1921335770
1392029962
-648165145
236835128
49858803
-501799074
-2035421626
522433547
9220776
1926512247
-998407330
-249514857
-1668833381
-1017809683
271022967
763313945
1662180767
1448350697
1531795964
724588368
853450513
1388911495
-1134815320
-1434189424
-1181809098
1286953567
1153297245
-1981749686
-968815770
-838676494
-191607397
-1668920226
1382453667
-989317568
-1519757828
-1941160316
351971503
1571147201
107774574
-683330940
-1753981733
1614496826
302093263
-1956531103
2094278839
1781251843
-1165405192
-1008674544
-1130684791
2033370101
2011871287
427093723
